5086	1024
4839	1024
871	1024
6660	1024
4152	1024
1114	1024
1007	1024
4394	1024
7569	1024
8173	1024
9265	1024
2919	1024
9167	1024
337	1024
6428	1024
4882	1024
7979	1024
7616	1024
2426	1024
7135	1024
4690	1024
6267	1024
9259	1024
9957	1024
3449	1024
1237	1024
8388	1024
8678	1024
9046	1024
6509	1024
684	1024
4131	1024
7699	1024
7906	1024
790	1024
8202	1024
9020	1024
1796	1024
8948	1024
6588	1024
6321	1024
8212	1024
9506	1024
5487	1024
4900	1024
2285	1024
6721	1024
2878	1024
6252	1024
9146	1024
6365	1024
942	1024
5412	1024
1975	1024
7250	1024
5212	1024
9563	1024
5637	1024
242	1024
8608	1024
8497	1024
925	1024
2738	1024
2548	1024
8831	1024
3527	1024
7101	1024
7850	1024
1675	1024
6048	1024
789	1024
7995	1024
611	1024
6646	1024
9833	1024
5510	1024
5283	1024
2905	1024
4740	1024
1534	1024
2050	1024
7456	1024
8827	1024
3814	1024
9430	1024
6076	1024
5377	1024
8992	1024
1712	1024
5618	1024
7600	1024
6561	1024
2895	1024
6689	1024
9108	1024
1725	1024
216	1024
6208	1024
5926	1024
8242	1024
8608	1024
3066	1024
2588	1024
9218	1024
6063	1024
2420	1024
1080	1024
1345	1024
1677	1024
5819	1024
9231	1024
3726	1024
3274	1024
8057	1024
3891	1024
9055	1024
4133	1024
9268	1024
4398	1024
2196	1024
1237	1024
8349	1024
8756	1024
4131	1024
5038	1024
4215	1024
2207	1024
1605	1024
6775	1024
4484	1024
9846	1024
5382	1024
7549	1024
2433	1024
4599	1024
3612	1024
1204	1024
5678	1024
1308	1024
2880	1024
7848	1024
538	1024
2958	1024
7473	1024
8595	1024
6848	1024
2879	1024
9079	1024
2467	1024
7277	1024
7626	1024
3704	1024
1977	1024
2734	1024
4186	1024
3366	1024
6948	1024
6393	1024
4970	1024
74	1024
876	1024
1167	1024
5455	1024
4777	1024
9951	1024
54	1024
8388	1024
7507	1024
2083	1024
6047	1024
6738	1024
6283	1024
2937	1024
9695	1024
3755	1024
1531	1024
2895	1024
6634	1024
6961	1024
1713	1024
262	1024
938	1024
1768	1024
2238	1024
3671	1024
5954	1024
5604	1024
6971	1024
2346	1024
6925	1024
7044	1024
9573	1024
8092	1024
2499	1024
4349	1024
4394	1024
8904	1024
2736	1024
1900	1024
7338	1024
5135	1024
8638	1024
3620	1024
8071	1024
8332	1024
3727	1024
5953	1024
7578	1024
360	1024
9265	1024
9291	1024
6973	1024
202	1024
1058	1024
5562	1024
3873	1024
3363	1024
7517	1024
7195	1024
5708	1024
4442	1024
4238	1024
5281	1024
8885	1024
3088	1024
9629	1024
3278	1024
8343	1024
8717	1024
1530	1024
5681	1024
203	1024
167	1024
5652	1024
8273	1024
4850	1024
9378	1024
577	1024
2428	1024
6089	1024
9841	1024
8070	1024
3061	1024
42	1024
5479	1024
8623	1024
266	1024
8842	1024
6139	1024
7460	1024
901	1024
6932	1024
8050	1024
2533	1024
5816	1024
7489	1024
8514	1024
5446	1024
5832	1024
7230	1024
6975	1024
1512	1024
3784	1024
3493	1024
3515	1024
2056	1024
8342	1024
2893	1024
2632	1024
7121	1024
8981	1024
8824	1024
1542	1024
8394	1024
8865	1024
7021	1024
7016	1024
5483	1024
2214	1024
9506	1024
9294	1024
9466	1024
6438	1024
7343	1024
1999	1024
8605	1024
4832	1024
512	1024
402	1024
7015	1024
4093	1024
7376	1024
4878	1024
7876	1024
868	1024
8392	1024
6283	1024
5562	1024
7636	1024
8914	1024
2682	1024
2969	1024
4089	1024
4224	1024
1362	1024
2953	1024
7596	1024
4729	1024
4787	1024
6161	1024
4234	1024
4081	1024
5626	1024
7023	1024
1423	1024
7624	1024
1980	1024
2606	1024
8135	1024
2381	1024
9620	1024
8579	1024
6109	1024
4497	1024
6454	1024
6976	1024
2889	1024
2736	1024
8889	1024
524	1024
8001	1024
1571	1024
3492	1024
2089	1024
2146	1024
1205	1024
1394	1024
9741	1024
5933	1024
6180	1024
5901	1024
6519	1024
260	1024
7878	1024
9893	1024
8035	1024
5502	1024
1872	1024
6992	1024
9988	1024
4253	1024
6612	1024
8567	1024
361	1024
7460	1024
1372	1024
3688	1024
348	1024
460	1024
8929	1024
7224	1024
4812	1024
499	1024
7067	1024
6901	1024
8996	1024
8272	1024
4646	1024
8736	1024
556	1024
7177	1024
988	1024
3426	1024
3789	1024
5217	1024
3319	1024
8175	1024
718	1024
5190	1024
5166	1024
7058	1024
5794	1024
1777	1024
1976	1024
2506	1024
9237	1024
3347	1024
2546	1024
5936	1024
158	1024
1474	1024
9511	1024
4970	1024
8324	1024
6578	1024
8222	1024
7319	1024
1201	1024
9219	1024
2406	1024
8108	1024
6395	1024
9745	1024
1534	1024
6535	1024
4961	1024
1204	1024
4709	1024
5679	1024
6393	1024
9875	1024
9088	1024
8539	1024
8003	1024
1063	1024
1044	1024
7239	1024
761	1024
9941	1024
9527	1024
919	1024
1414	1024
9037	1024
2240	1024
9737	1024
1966	1024
461	1024
7055	1024
9518	1024
9679	1024
9460	1024
7626	1024
2425	1024
9204	1024
5511	1024
8960	1024
4165	1024
6714	1024
3668	1024
6195	1024
3106	1024
9894	1024
5282	1024
7996	1024
7897	1024
2696	1024
5392	1024
1487	1024
3456	1024
5332	1024
1013	1024
726	1024
6746	1024
50	1024
2965	1024
2834	1024
2015	1024
9777	1024
9889	1024
7885	1024
5807	1024
5700	1024
5510	1024
8232	1024
1256	1024
1020	1024
3543	1024
1772	1024
7733	1024
3562	1024
4318	1024
7190	1024
3456	1024
5951	1024
1538	1024
1352	1024
8646	1024
6929	1024
2838	1024
8453	1024
2260	1024
203	1024
9179	1024
5357	1024
252	1024
8495	1024
8191	1024
8618	1024
8272	1024
4431	1024
6502	1024
4078	1024
130	1024
8363	1024
8661	1024
7737	1024
9382	1024
2203	1024
5860	1024
3466	1024
5765	1024
177	1024
7008	1024
9220	1024
6127	1024
8545	1024
6923	1024
1124	1024
5473	1024
6112	1024
9577	1024
4084	1024
6314	1024
5107	1024
9441	1024
2917	1024
9953	1024
7631	1024
7887	1024
8224	1024
2061	1024
740	1024
8654	1024
8542	1024
9103	1024
3666	1024
2631	1024
4836	1024
5869	1024
8490	1024
4654	1024
7985	1024
5019	1024
1661	1024
3556	1024
1145	1024
205	1024
6830	1024
8621	1024
2029	1024
2941	1024
8197	1024
6112	1024
5607	1024
9655	1024
1904	1024
4875	1024
9607	1024
9534	1024
2761	1024
4183	1024
7946	1024
3501	1024
2836	1024
2840	1024
8955	1024
6501	1024
1822	1024
142	1024
8721	1024
311	1024
4795	1024
6705	1024
1681	1024
6455	1024
6612	1024
2826	1024
3011	1024
3441	1024
7798	1024
1391	1024
6382	1024
5994	1024
3855	1024
8340	1024
5648	1024
5758	1024
3214	1024
1606	1024
1644	1024
2327	1024
5788	1024
9589	1024
5827	1024
8623	1024
8780	1024
1133	1024
1476	1024
6953	1024
1274	1024
6548	1024
3616	1024
6069	1024
9605	1024
5296	1024
8875	1024
6216	1024
4473	1024
8238	1024
9657	1024
2270	1024
9628	1024
2390	1024
8263	1024
3482	1024
7081	1024
262	1024
9240	1024
294	1024
1868	1024
883	1024
2620	1024
7655	1024
6823	1024
4798	1024
2630	1024
1955	1024
2282	1024
457	1024
8907	1024
3556	1024
3356	1024
2522	1024
5976	1024
9312	1024
7818	1024
1202	1024
5528	1024
2290	1024
9439	1024
1536	1024
912	1024
5419	1024
277	1024
5526	1024
8900	1024
7357	1024
5788	1024
4491	1024
4002	1024
4007	1024
1725	1024
6622	1024
8013	1024
4900	1024
7771	1024
6994	1024
3206	1024
53	1024
3802	1024
2112	1024
9960	1024
7158	1024
986	1024
5935	1024
6469	1024
5155	1024
7136	1024
8348	1024
3796	1024
2927	1024
6235	1024
4707	1024
8345	1024
6511	1024
233	1024
3596	1024
219	1024
6020	1024
4439	1024
4221	1024
6378	1024
6163	1024
7194	1024
742	1024
7414	1024
4964	1024
7736	1024
619	1024
1368	1024
1537	1024
9083	1024
1327	1024
5046	1024
68	1024
3613	1024
7867	1024
1574	1024
749	1024
2566	1024
5369	1024
3675	1024
8801	1024
76	1024
8371	1024
1663	1024
308	1024
1966	1024
1882	1024
2679	1024
6404	1024
2454	1024
5408	1024
8919	1024
9647	1024
6149	1024
6332	1024
962	1024
3884	1024
3303	1024
2330	1024
1773	1024
8737	1024
8	1024
3170	1024
5156	1024
3621	1024
7388	1024
6729	1024
4369	1024
9954	1024
2097	1024
4395	1024
5106	1024
8524	1024
2765	1024
3120	1024
8831	1024
1082	1024
1353	1024
7861	1024
7486	1024
3806	1024
3268	1024
2756	1024
3452	1024
5769	1024
5439	1024
766	1024
6004	1024
8741	1024
3095	1024
7776	1024
3829	1024
3102	1024
7298	1024
8984	1024
6722	1024
4685	1024
5712	1024
7442	1024
990	1024
7809	1024
8188	1024
6095	1024
2684	1024
7304	1024
9215	1024
1515	1024
8386	1024
6919	1024
5727	1024
2223	1024
725	1024
5347	1024
4978	1024
528	1024
1115	1024
6768	1024
1293	1024
7118	1024
5509	1024
739	1024
1246	1024
9337	1024
3841	1024
8543	1024
4673	1024
6914	1024
9579	1024
384	1024
708	1024
569	1024
4544	1024
5247	1024
3015	1024
7228	1024
2551	1024
8581	1024
5094	1024
7288	1024
5500	1024
820	1024
5862	1024
6224	1024
6166	1024
839	1024
6751	1024
3632	1024
7606	1024
4396	1024
750	1024
9466	1024
5134	1024
1995	1024
5155	1024
5326	1024
6889	1024
9827	1024
8592	1024
6467	1024
6562	1024
5651	1024
7035	1024
7458	1024
897	1024
6402	1024
4685	1024
3447	1024
4982	1024
6130	1024
7086	1024
481	1024
6949	1024
2947	1024
3056	1024
9467	1024
137	1024
6159	1024
3098	1024
4095	1024
554	1024
199	1024
3560	1024
5687	1024
8545	1024
5066	1024
7365	1024
5433	1024
1244	1024
5956	1024
1900	1024
4158	1024
1606	1024
5286	1024
1615	1024
2502	1024
1687	1024
2651	1024
2301	1024
3021	1024
8780	1024
5738	1024
3501	1024
2080	1024
8685	1024
6557	1024
7898	1024
8821	1024
2715	1024
7348	1024
2915	1024
9620	1024
7546	1024
2827	1024
5306	1024
6091	1024
4244	1024
9022	1024
7875	1024
5488	1024
4977	1024
6126	1024
5997	1024
2934	1024
7764	1024
7611	1024
1788	1024
9450	1024
261	1024
4088	1024
2470	1024
5392	1024
9825	1024
2323	1024
7471	1024
4861	1024
5231	1024
5369	1024
3682	1024
4297	1024
2716	1024
2948	1024
3916	1024
6613	1024
2126	1024
5573	1024
9055	1024
6370	1024
4595	1024
3282	1024
8209	1024
5923	1024
9407	1024
4205	1024
8857	1024
7170	1024
1815	1024
644	1024
2972	1024
8427	1024
1083	1024
1793	1024
3818	1024
7259	1024
467	1024
7640	1024
2120	1024
5697	1024
3008	1024
2153	1024
9993	1024
2075	1024
1452	1024
3908	1024
5040	1024
3578	1024
5833	1024
446	1024
9947	1024
427	1024
3727	1024
4507	1024
6349	1024
3134	1024
8711	1024
5205	1024
6655	1024
6877	1024
2200	1024
9626	1024
1655	1024
3282	1024
7771	1024
5472	1024
6893	1024
8237	1024
3111	1024
9012	1024
3934	1024
2471	1024
7516	1024
278	1024
897	1024
8967	1024
538	1024
5936	1024
8896	1024
6370	1024
6382	1024
8842	1024
3148	1024
108	1024
9700	1024
9496	1024
9593	1024
4762	1024
1053	1024
2600	1024
1638	1024
9604	1024
8577	1024
3292	1024
2886	1024
6347	1024
5115	1024
9778	1024
4584	1024
4578	1024
5141	1024
4869	1024
3400	1024
9008	1024
5146	1024
4296	1024
7974	1024
2035	1024
6584	1024
6870	1024
4756	1024
9317	1024
2063	1024
7903	1024
5776	1024
1763	1024
3751	1024
5369	1024
6524	1024
1155	1024
4320	1024
4514	1024
758	1024
2896	1024
4157	1024
9995	1024
9243	1024
5624	1024
6124	1024
178	1024
6553	1024
1264	1024
5046	1024
9952	1024
271	1024
6543	1024
599	1024
4597	1024
4930	1024
3534	1024
7818	1024
9685	1024
2850	1024
6232	1024
7588	1024
8626	1024
4346	1024
7690	1024
346	1024
7222	1024
8844	1024
4665	1024
1735	1024
9601	1024
7560	1024
2243	1024
9596	1024
3154	1024
4218	1024
5719	1024
3331	1024
770	1024
3335	1024
4728	1024
7073	1024
9957	1024
7623	1024
4024	1024
905	1024
2552	1024
7557	1024
8722	1024
2236	1024
6759	1024
1306	1024
6175	1024
1736	1024
5651	1024
3864	1024
8433	1024
2872	1024
2707	1024
9449	1024
958	1024
8660	1024
3360	1024
9553	1024
4607	1024
6514	1024
3770	1024
6677	1024
6196	1024
4540	1024
11	1024
924	1024
7964	1024
6320	1024
4898	1024
1987	1024
3576	1024
7449	1024
9544	1024
8650	1024
6036	1024
2654	1024
9955	1024
8563	1024
4389	1024
5605	1024
8778	1024
2821	1024
4829	1024
7837	1024
2269	1024
5786	1024
6496	1024
1980	1024
5338	1024
1102	1024
8493	1024
5460	1024
7778	1024
1041	1024
9999	1024
4141	1024
1964	1024
7962	1024
6812	1024
3213	1024
6301	1024
387	1024
661	1024
2196	1024
9036	1024
3048	1024
4849	1024
5342	1024
7962	1024
9237	1024
947	1024
6740	1024
8409	1024
2127	1024
4576	1024
7029	1024
7912	1024
1071	1024
9008	1024
9602	1024
8524	1024
3853	1024
5061	1024
6301	1024
4893	1024
1411	1024
6793	1024
3208	1024
5724	1024
3604	1024
6420	1024
2024	1024
343	1024
3432	1024
4219	1024
5730	1024
2831	1024
5419	1024
1072	1024
793	1024
1007	1024
8370	1024
7532	1024
9415	1024
496	1024
8459	1024
2795	1024
4759	1024
9529	1024
8155	1024
4360	1024
4404	1024
8359	1024
5772	1024
7056	1024
3251	1024
3534	1024
3849	1024
2810	1024
5610	1024
3804	1024
9229	1024
7633	1024
498	1024
9012	1024
8204	1024
6228	1024
1842	1024
3622	1024
7299	1024
2634	1024
4629	1024
5668	1024
6517	1024
395	1024
6163	1024
4975	1024
3190	1024
921	1024
855	1024
7696	1024
1633	1024
5258	1024
6054	1024
3756	1024
8666	1024
9304	1024
3642	1024
8866	1024
8465	1024
9251	1024
2669	1024
7693	1024
6883	1024
3167	1024
6704	1024
1438	1024
5746	1024
8545	1024
5060	1024
3044	1024
7531	1024
6040	1024
8711	1024
4047	1024
6434	1024
1225	1024
5374	1024
5975	1024
2145	1024
6228	1024
3670	1024
129	1024
7838	1024
6075	1024
237	1024
2855	1024
1730	1024
3878	1024
1720	1024
194	1024
3128	1024
4388	1024
7886	1024
6362	1024
3906	1024
941	1024
7800	1024
9651	1024
5838	1024
9211	1024
9046	1024
9720	1024
1602	1024
4108	1024
3766	1024
4387	1024
5332	1024
5491	1024
362	1024
3829	1024
8071	1024
383	1024
3957	1024
2260	1024
6458	1024
545	1024
5114	1024
4539	1024
4422	1024
6833	1024
4733	1024
3901	1024
7572	1024
8970	1024
263	1024
7830	1024
9911	1024
4414	1024
3832	1024
2100	1024
9976	1024
2878	1024
1819	1024
1577	1024
6985	1024
1936	1024
5963	1024
2317	1024
7427	1024
2676	1024
2497	1024
1849	1024
9411	1024
6453	1024
4108	1024
2220	1024
3350	1024
9221	1024
6758	1024
7771	1024
2405	1024
1490	1024
8024	1024
9976	1024
460	1024
8286	1024
7805	1024
6722	1024
9051	1024
1637	1024
5173	1024
9026	1024
866	1024
6991	1024
6954	1024
7850	1024
8926	1024
9268	1024
6518	1024
2704	1024
1944	1024
9014	1024
904	1024
1354	1024
1819	1024
5011	1024
3573	1024
5168	1024
583	1024
6682	1024
9290	1024
2987	1024
8172	1024
7313	1024
2963	1024
4983	1024
1950	1024
7119	1024
8056	1024
7352	1024
5107	1024
3228	1024
2729	1024
5972	1024
6570	1024
9682	1024
3822	1024
1847	1024
5302	1024
6691	1024
903	1024
7245	1024
5705	1024
1806	1024
4950	1024
7523	1024
3169	1024
4874	1024
9042	1024
3751	1024
1555	1024
8331	1024
6738	1024
6078	1024
1996	1024
6052	1024
7412	1024
3945	1024
3170	1024
1819	1024
1297	1024
8277	1024
1398	1024
377	1024
4248	1024
4319	1024
59	1024
4421	1024
6166	1024
5360	1024
1112	1024
3420	1024
8956	1024
3168	1024
5225	1024
257	1024
7042	1024
8393	1024
1482	1024
6083	1024
8496	1024
9388	1024
765	1024
5233	1024
1818	1024
2760	1024
7636	1024
9229	1024
3057	1024
805	1024
7400	1024
705	1024
5433	1024
5149	1024
1081	1024
6033	1024
9468	1024
7491	1024
6805	1024
1985	1024
9202	1024
4268	1024
5404	1024
4509	1024
7435	1024
6980	1024
4765	1024
4476	1024
5373	1024
6246	1024
6910	1024
3868	1024
5634	1024
7675	1024
5452	1024
7451	1024
6786	1024
3087	1024
3031	1024
6194	1024
243	1024
6782	1024
3250	1024
5676	1024
1931	1024
4331	1024
8060	1024
7750	1024
8173	1024
4864	1024
9734	1024
7375	1024
9132	1024
5137	1024
1883	1024
6566	1024
2116	1024
3000	1024
7394	1024
3840	1024
5597	1024
4303	1024
4059	1024
1230	1024
1977	1024
9510	1024
5032	1024
5115	1024
8948	1024
4415	1024
1308	1024
9191	1024
7548	1024
4558	1024
4866	1024
9478	1024
5240	1024
9277	1024
3579	1024
9764	1024
4140	1024
3312	1024
7138	1024
3271	1024
4800	1024
5373	1024
6189	1024
3268	1024
4724	1024
9934	1024
7107	1024
320	1024
4236	1024
7518	1024
7902	1024
2565	1024
3379	1024
9285	1024
7679	1024
2327	1024
3699	1024
5338	1024
1517	1024
7599	1024
6247	1024
2734	1024
3428	1024
1486	1024
2010	1024
7007	1024
1250	1024
6149	1024
6670	1024
4739	1024
5772	1024
1470	1024
6463	1024
8312	1024
4737	1024
1186	1024
8245	1024
8195	1024
7858	1024
8832	1024
2064	1024
5759	1024
7748	1024
5443	1024
5043	1024
1778	1024
7769	1024
5094	1024
7116	1024
9285	1024
2692	1024
3362	1024
8370	1024
6119	1024
1200	1024
379	1024
9477	1024
8801	1024
2879	1024
6147	1024
9891	1024
5002	1024
7616	1024
6354	1024
9665	1024
8704	1024
3891	1024
7909	1024
3250	1024
1748	1024
3093	1024
5314	1024
3858	1024
840	1024
7108	1024
5253	1024
2618	1024
4876	1024
6698	1024
6085	1024
512	1024
9389	1024
5798	1024
8881	1024
1859	1024
3349	1024
5611	1024
1336	1024
2149	1024
8489	1024
3834	1024
8392	1024
3491	1024
1449	1024
1097	1024
3155	1024
6504	1024
4987	1024
7416	1024
6105	1024
3087	1024
6860	1024
7770	1024
3296	1024
7699	1024
4877	1024
8548	1024
6668	1024
9752	1024
5245	1024
2752	1024
6615	1024
985	1024
8550	1024
5495	1024
9196	1024
1898	1024
1105	1024
6883	1024
399	1024
5946	1024
716	1024
8790	1024
5788	1024
8516	1024
9886	1024
5294	1024
5019	1024
1224	1024
2709	1024
7475	1024
662	1024
5920	1024
5245	1024
3958	1024
3619	1024
121	1024
8857	1024
286	1024
6225	1024
4102	1024
9390	1024
2839	1024
1438	1024
4291	1024
4686	1024
633	1024
2540	1024
5790	1024
7515	1024
9290	1024
1735	1024
8230	1024
8079	1024
3874	1024
6745	1024
4316	1024
9168	1024
8115	1024
1892	1024
8228	1024
5590	1024
2553	1024
4148	1024
7186	1024
2862	1024
7766	1024
3658	1024
1719	1024
4403	1024
9882	1024
2172	1024
144	1024
9073	1024
3609	1024
4434	1024
3758	1024
4242	1024
3326	1024
9547	1024
1756	1024
2615	1024
7634	1024
6338	1024
694	1024
1507	1024
9434	1024
1361	1024
674	1024
7549	1024
3252	1024
8902	1024
9490	1024
2157	1024
9401	1024
6675	1024
5018	1024
3518	1024
332	1024
3088	1024
4272	1024
6566	1024
5259	1024
4416	1024
5638	1024
8868	1024
5201	1024
9395	1024
9461	1024
8526	1024
5293	1024
1216	1024
1141	1024
9278	1024
3905	1024
8186	1024
785	1024
3339	1024
5898	1024
7810	1024
887	1024
5502	1024
3063	1024
6728	1024
7658	1024
2463	1024
9754	1024
9027	1024
2332	1024
6437	1024
2115	1024
6604	1024
3002	1024
3725	1024
1019	1024
4991	1024
2592	1024
2571	1024
4385	1024
8404	1024
7449	1024
6030	1024
5972	1024
8589	1024
5307	1024
9876	1024
3126	1024
2443	1024
3214	1024
5375	1024
6605	1024
452	1024
876	1024
9667	1024
7179	1024
4885	1024
8482	1024
3284	1024
264	1024
813	1024
9721	1024
8730	1024
3768	1024
2722	1024
2454	1024
1138	1024
7713	1024
1398	1024
3709	1024
8449	1024
9801	1024
1157	1024
830	1024
5772	1024
6097	1024
6137	1024
5648	1024
5574	1024
8579	1024
5213	1024
948	1024
1535	1024
2017	1024
8176	1024
1202	1024
9195	1024
9412	1024
6035	1024
8831	1024
9675	1024
3199	1024
8551	1024
4756	1024
6967	1024
7624	1024
7210	1024
8104	1024
1688	1024
4959	1024
8164	1024
137	1024
1111	1024
5672	1024
966	1024
6883	1024
8120	1024
3454	1024
8882	1024
3693	1024
8385	1024
446	1024
993	1024
9919	1024
2462	1024
5520	1024
7472	1024
8009	1024
4931	1024
3506	1024
6839	1024
958	1024
3057	1024
5389	1024
2065	1024
23	1024
3012	1024
5626	1024
4478	1024
1052	1024
584	1024
8994	1024
7540	1024
1695	1024
4665	1024
4857	1024
4929	1024
9137	1024
8311	1024
162	1024
2829	1024
6695	1024
607	1024
173	1024
2965	1024
3069	1024
2044	1024
437	1024
1077	1024
3327	1024
294	1024
4267	1024
4284	1024
3350	1024
9655	1024
2700	1024
9724	1024
9018	1024
8326	1024
554	1024
6421	1024
8909	1024
9547	1024
3960	1024
6955	1024
563	1024
8817	1024
8235	1024
9699	1024
7127	1024
8396	1024
8880	1024
173	1024
9003	1024
5404	1024
9489	1024
8423	1024
7448	1024
9925	1024
5851	1024
774	1024
6571	1024
117	1024
1409	1024
9920	1024
6123	1024
4108	1024
5996	1024
1492	1024
2433	1024
6549	1024
7913	1024
7694	1024
2447	1024
1872	1024
1000	1024
9361	1024
688	1024
9235	1024
5412	1024
4166	1024
7630	1024
4291	1024
4338	1024
2984	1024
9694	1024
179	1024
1406	1024
3493	1024
103	1024
3608	1024
4266	1024
6673	1024
3724	1024
2026	1024
2945	1024
6198	1024
2486	1024
5292	1024
7690	1024
4918	1024
8192	1024
5602	1024
8963	1024
6990	1024
7473	1024
9963	1024
6350	1024
4513	1024
9197	1024
1761	1024
8678	1024
3178	1024
2403	1024
9368	1024
2514	1024
8449	1024
9546	1024
271	1024
1941	1024
6000	1024
3879	1024
2559	1024
9025	1024
3954	1024
936	1024
8321	1024
152	1024
3421	1024
3612	1024
7841	1024
4691	1024
1803	1024
3442	1024
3653	1024
8792	1024
7266	1024
9967	1024
1493	1024
1778	1024
5515	1024
9606	1024
456	1024
8693	1024
8360	1024
6175	1024
7558	1024
6808	1024
5720	1024
7828	1024
5101	1024
8071	1024
1706	1024
4011	1024
7095	1024
5660	1024
4946	1024
5415	1024
5811	1024
8367	1024
9026	1024
3651	1024
3057	1024
7180	1024
3444	1024
3061	1024
2323	1024
709	1024
3028	1024
168	1024
8839	1024
8542	1024
9773	1024
5646	1024
3586	1024
8132	1024
1820	1024
1143	1024
1292	1024
3891	1024
8971	1024
6392	1024
1961	1024
7028	1024
402	1024
9056	1024
2687	1024
5347	1024
822	1024
4849	1024
3713	1024
6200	1024
4851	1024
3121	1024
3379	1024
8294	1024
6182	1024
2054	1024
5355	1024
9209	1024
2221	1024
4193	1024
4102	1024
8345	1024
9838	1024
4040	1024
6476	1024
1657	1024
5182	1024
7767	1024
5547	1024
504	1024
510	1024
3859	1024
7532	1024
911	1024
9266	1024
6570	1024
2610	1024
88	1024
1419	1024
2674	1024
6287	1024
2621	1024
5795	1024
6017	1024
915	1024
8328	1024
8070	1024
6269	1024
3888	1024
6642	1024
461	1024
4341	1024
4986	1024
298	1024
8380	1024
1462	1024
8306	1024
9914	1024
5580	1024
204	1024
6769	1024
2442	1024
4062	1024
4300	1024
3352	1024
9680	1024
7222	1024
2313	1024
9767	1024
4992	1024
4987	1024
6053	1024
7612	1024
7133	1024
8421	1024
4878	1024
5460	1024
6491	1024
1146	1024
5699	1024
9484	1024
1606	1024
39	1024
4470	1024
8255	1024
8419	1024
2283	1024
2912	1024
8332	1024
7862	1024
3115	1024
1452	1024
303	1024
3529	1024
2104	1024
7	1024
3208	1024
9325	1024
2319	1024
2974	1024
668	1024
3657	1024
5378	1024
4631	1024
789	1024
150	1024
9509	1024
2600	1024
2992	1024
654	1024
4650	1024
2476	1024
8612	1024
4689	1024
6945	1024
3218	1024
9459	1024
9227	1024
6130	1024
4142	1024
3440	1024
9244	1024
5593	1024
95	1024
9124	1024
7696	1024
6453	1024
2331	1024
7020	1024
8771	1024
1656	1024
4039	1024
8780	1024
3385	1024
8670	1024
5920	1024
3535	1024
8178	1024
4872	1024
6526	1024
5183	1024
9521	1024
9001	1024
3794	1024
4209	1024
5945	1024
7012	1024
3667	1024
1523	1024
9493	1024
7808	1024
4963	1024
8736	1024
3401	1024
1409	1024
4212	1024
7448	1024
7861	1024
6542	1024
4468	1024
2983	1024
4550	1024
4858	1024
1762	1024
7934	1024
3527	1024
4034	1024
1468	1024
1704	1024
8905	1024
7994	1024
6887	1024
8425	1024
3346	1024
7032	1024
8986	1024
5643	1024
395	1024
9004	1024
7165	1024
9887	1024
3164	1024
8479	1024
4975	1024
2916	1024
9887	1024
9186	1024
363	1024
7747	1024
5727	1024
1182	1024
730	1024
276	1024
6040	1024
8843	1024
4562	1024
9566	1024
2876	1024
6029	1024
7622	1024
1780	1024
374	1024
860	1024
6557	1024
3720	1024
4243	1024
1894	1024
5714	1024
4638	1024
897	1024
9230	1024
4524	1024
4060	1024
7709	1024
9498	1024
6975	1024
3947	1024
5035	1024
3690	1024
8046	1024
762	1024
4871	1024
8775	1024
7389	1024
910	1024
3969	1024
1950	1024
6828	1024
6845	1024
4331	1024
801	1024
4976	1024
1056	1024
8012	1024
7884	1024
1127	1024
2254	1024
9777	1024
6840	1024
3243	1024
7026	1024
6070	1024
4119	1024
1085	1024
130	1024
9968	1024
4412	1024
4076	1024
5003	1024
8101	1024
2121	1024
5764	1024
9323	1024
7247	1024
9504	1024
6585	1024
1216	1024
7806	1024
9764	1024
4412	1024
2136	1024
6916	1024
5739	1024
3191	1024
4927	1024
3623	1024
4318	1024
3532	1024
9751	1024
7509	1024
3127	1024
6776	1024
3578	1024
7245	1024
4213	1024
3707	1024
7212	1024
8624	1024
4135	1024
2214	1024
3076	1024
6255	1024
4329	1024
8750	1024
3502	1024
3833	1024
5334	1024
1069	1024
7990	1024
1449	1024
1832	1024
125	1024
8364	1024
7570	1024
9667	1024
3290	1024
7544	1024
336	1024
3174	1024
7295	1024
4197	1024
6300	1024
422	1024
7774	1024
3544	1024
4634	1024
7833	1024
755	1024
9609	1024
1967	1024
9321	1024
9036	1024
4573	1024
3649	1024
7786	1024
8074	1024
7481	1024
9471	1024
5494	1024
5470	1024
920	1024
7325	1024
1946	1024
9283	1024
4895	1024
7965	1024
8925	1024
8790	1024
4652	1024
2098	1024
2436	1024
8848	1024
4749	1024
2858	1024
2974	1024
8292	1024
3843	1024
806	1024
5398	1024
3452	1024
9124	1024
4718	1024
2487	1024
3696	1024
8367	1024
6624	1024
8122	1024
2199	1024
6095	1024
9967	1024
4021	1024
7014	1024
7292	1024
2318	1024
2648	1024
8538	1024
6634	1024
1572	1024
7327	1024
1286	1024
3669	1024
6115	1024
6485	1024
8417	1024
8972	1024
9458	1024
3060	1024
2814	1024
6615	1024
4810	1024
2617	1024
2090	1024
9527	1024
1456	1024
2138	1024
4245	1024
8079	1024
259	1024
2796	1024
525	1024
6577	1024
6816	1024
3890	1024
3868	1024
5485	1024
6538	1024
8757	1024
2119	1024
8109	1024
2436	1024
9756	1024
8130	1024
8550	1024
6240	1024
2898	1024
3873	1024
2050	1024
5958	1024
3038	1024
8664	1024
767	1024
5655	1024
7106	1024
6645	1024
3462	1024
9243	1024
890	1024
7892	1024
5853	1024
37	1024
8417	1024
2429	1024
6852	1024
2306	1024
2649	1024
2336	1024
5195	1024
1405	1024
806	1024
3304	1024
3840	1024
561	1024
1433	1024
8741	1024
6801	1024
682	1024
2613	1024
8850	1024
6639	1024
5651	1024
3865	1024
3757	1024
7657	1024
970	1024
402	1024
1118	1024
212	1024
7643	1024
9009	1024
2416	1024
7679	1024
3777	1024
4845	1024
882	1024
6083	1024
7493	1024
9569	1024
1277	1024
5249	1024
6727	1024
932	1024
5441	1024
7287	1024
8716	1024
4181	1024
4087	1024
9398	1024
3146	1024
9288	1024
2388	1024
5148	1024
3153	1024
6145	1024
2804	1024
474	1024
2898	1024
3921	1024
7038	1024
6892	1024
9281	1024
9453	1024
4570	1024
3058	1024
649	1024
1803	1024
5492	1024
8141	1024
7723	1024
3120	1024
9742	1024
4449	1024
4052	1024
1534	1024
1736	1024
9119	1024
5714	1024
2174	1024
8516	1024
5211	1024
7814	1024
904	1024
358	1024
7318	1024
3400	1024
3161	1024
7791	1024
6297	1024
3433	1024
4828	1024
3188	1024
2714	1024
633	1024
4109	1024
5771	1024
1281	1024
2263	1024
7614	1024
5774	1024
9985	1024
733	1024
5515	1024
4434	1024
4784	1024
7048	1024
2521	1024
3903	1024
9113	1024
1046	1024
8770	1024
4324	1024
8859	1024
9673	1024
4681	1024
6176	1024
3072	1024
4194	1024
319	1024
5720	1024
7626	1024
1498	1024
8907	1024
6691	1024
2130	1024
9367	1024
8813	1024
3411	1024
1629	1024
6426	1024
9184	1024
1614	1024
7159	1024
1050	1024
2399	1024
8294	1024
4449	1024
1271	1024
8548	1024
3561	1024
2316	1024
7318	1024
4236	1024
7527	1024
3342	1024
5269	1024
54	1024
2766	1024
5814	1024
372	1024
8485	1024
3439	1024
1870	1024
3744	1024
6482	1024
351	1024
3110	1024
5294	1024
3761	1024
4739	1024
1720	1024
9296	1024
6352	1024
5230	1024
6697	1024
5102	1024
3523	1024
1145	1024
6372	1024
2071	1024
1058	1024
5039	1024
9388	1024
1645	1024
2565	1024
9081	1024
3265	1024
2619	1024
1846	1024
9078	1024
9342	1024
6683	1024
8869	1024
1211	1024
426	1024
5350	1024
7914	1024
3535	1024
6995	1024
1674	1024
4625	1024
8714	1024
7322	1024
7328	1024
295	1024
370	1024
2429	1024
3818	1024
1515	1024
5152	1024
5888	1024
8924	1024
191	1024
1627	1024
568	1024
9107	1024
7059	1024
3833	1024
1725	1024
8905	1024
9262	1024
1067	1024
1939	1024
8130	1024
8629	1024
8716	1024
9831	1024
6542	1024
8602	1024
6826	1024
4568	1024
3227	1024
1891	1024
8241	1024
554	1024
2186	1024
8610	1024
9335	1024
6003	1024
6476	1024
838	1024
8242	1024
1751	1024
1028	1024
6220	1024
2319	1024
6487	1024
3278	1024
2503	1024
8211	1024
8534	1024
8116	1024
5629	1024
472	1024
6246	1024
610	1024
9187	1024
2428	1024
3503	1024
4141	1024
9253	1024
4422	1024
7367	1024
1144	1024
2662	1024
4272	1024
3329	1024
7624	1024
3606	1024
5683	1024
4099	1024
4444	1024
276	1024
5850	1024
1823	1024
6495	1024
4520	1024
8309	1024
6124	1024
3374	1024
2872	1024
4658	1024
7841	1024
4852	1024
1481	1024
4086	1024
1813	1024
7020	1024
2866	1024
5316	1024
1160	1024
2118	1024
9737	1024
4878	1024
9613	1024
8751	1024
9149	1024
9293	1024
6374	1024
9107	1024
4975	1024
6824	1024
9902	1024
5250	1024
9025	1024
1724	1024
8096	1024
9896	1024
6385	1024
572	1024
9621	1024
5608	1024
1581	1024
7462	1024
6811	1024
3061	1024
7899	1024
8624	1024
6432	1024
764	1024
291	1024
3943	1024
2882	1024
27	1024
8820	1024
2494	1024
5129	1024
4321	1024
1787	1024
7854	1024
3427	1024
3113	1024
4678	1024
3328	1024
4715	1024
54	1024
1403	1024
9162	1024
9950	1024
4139	1024
9733	1024
5922	1024
6098	1024
1313	1024
3383	1024
2909	1024
726	1024
1282	1024
1532	1024
3509	1024
2045	1024
8174	1024
7452	1024
1278	1024
4552	1024
2623	1024
124	1024
9681	1024
3295	1024
8262	1024
7534	1024
3073	1024
1374	1024
8563	1024
6400	1024
2440	1024
4969	1024
4155	1024
1602	1024
1270	1024
4645	1024
7686	1024
7191	1024
743	1024
8999	1024
574	1024
3651	1024
9724	1024
8207	1024
1534	1024
3232	1024
6603	1024
6059	1024
7035	1024
7881	1024
610	1024
6010	1024
4356	1024
290	1024
9304	1024
2617	1024
4176	1024
2377	1024
342	1024
9090	1024
5128	1024
9134	1024
4058	1024
5634	1024
735	1024
5327	1024
279	1024
8420	1024
2518	1024
7373	1024
3770	1024
9443	1024
7375	1024
9845	1024
7649	1024
5260	1024
9429	1024
4251	1024
1318	1024
6463	1024
8483	1024
1927	1024
8824	1024
9190	1024
8569	1024
4480	1024
1806	1024
2744	1024
3208	1024
8500	1024
8185	1024
4687	1024
7633	1024
2243	1024
321	1024
4719	1024
3921	1024
6951	1024
9490	1024
2790	1024
675	1024
3260	1024
2232	1024
8049	1024
3104	1024
9880	1024
3308	1024
2532	1024
483	1024
977	1024
5347	1024
5317	1024
2903	1024
522	1024
4507	1024
1471	1024
5001	1024
2664	1024
566	1024
4560	1024
1163	1024
8751	1024
9247	1024
5147	1024
7345	1024
5919	1024
9865	1024
1265	1024
9221	1024
5707	1024
407	1024
9895	1024
8966	1024
2638	1024
4295	1024
8421	1024
8870	1024
3954	1024
7305	1024
9352	1024
4930	1024
9003	1024
4668	1024
7832	1024
5876	1024
9174	1024
5655	1024
877	1024
1838	1024
6220	1024
1788	1024
9352	1024
1322	1024
1034	1024
4499	1024
8666	1024
3304	1024
715	1024
6283	1024
2524	1024
6421	1024
6689	1024
8770	1024
1738	1024
5678	1024
3064	1024
6511	1024
4547	1024
3369	1024
3815	1024
3898	1024
8298	1024
9169	1024
4918	1024
6130	1024
5044	1024
443	1024
8136	1024
2272	1024
8632	1024
4355	1024
4060	1024
7984	1024
2029	1024
1445	1024
8834	1024
7046	1024
4749	1024
9548	1024
9680	1024
3624	1024
2321	1024
2720	1024
8746	1024
4058	1024
8398	1024
8161	1024
6920	1024
2944	1024
1530	1024
734	1024
3194	1024
9827	1024
6254	1024
8111	1024
2308	1024
1298	1024
4905	1024
443	1024
3569	1024
3537	1024
1150	1024
3980	1024
1520	1024
3178	1024
5425	1024
353	1024
223	1024
6525	1024
6252	1024
9903	1024
6500	1024
4924	1024
2622	1024
1597	1024
5334	1024
7371	1024
9758	1024
2253	1024
315	1024
7639	1024
9339	1024
9860	1024
3817	1024
5592	1024
7970	1024
6125	1024
3241	1024
2874	1024
2919	1024
3162	1024
2762	1024
4068	1024
7141	1024
4281	1024
3597	1024
8917	1024
985	1024
172	1024
1793	1024
3589	1024
6426	1024
4645	1024
8512	1024
5399	1024
6241	1024
3845	1024
2770	1024
2350	1024
2450	1024
9436	1024
9988	1024
1788	1024
9295	1024
3805	1024
7379	1024
3616	1024
6281	1024
6972	1024
2841	1024
9199	1024
133	1024
5603	1024
9619	1024
3625	1024
9883	1024
9567	1024
2542	1024
7220	1024
9738	1024
686	1024
808	1024
6163	1024
5330	1024
5671	1024
7914	1024
7923	1024
5868	1024
683	1024
272	1024
8317	1024
6470	1024
6612	1024
104	1024
5764	1024
416	1024
3834	1024
5731	1024
6696	1024
805	1024
8571	1024
2246	1024
7289	1024
4173	1024
1864	1024
914	1024
408	1024
7783	1024
9807	1024
3979	1024
7520	1024
6844	1024
1138	1024
35	1024
8526	1024
6808	1024
7948	1024
6448	1024
9027	1024
4982	1024
3071	1024
7343	1024
7803	1024
9682	1024
3798	1024
9918	1024
6449	1024
3984	1024
5648	1024
3144	1024
1140	1024
4218	1024
1742	1024
8429	1024
4743	1024
9957	1024
5694	1024
1502	1024
7739	1024
5500	1024
5480	1024
5259	1024
2343	1024
2969	1024
1645	1024
7220	1024
6128	1024
5944	1024
3667	1024
5155	1024
925	1024
6738	1024
8849	1024
5079	1024
2771	1024
2647	1024
4996	1024
9220	1024
2982	1024
643	1024
8715	1024
4121	1024
1212	1024
6808	1024
2549	1024
5954	1024
6765	1024
4594	1024
3807	1024
4503	1024
93	1024
5638	1024
6113	1024
8788	1024
8606	1024
4109	1024
6007	1024
4734	1024
52	1024
6026	1024
9888	1024
7328	1024
9115	1024
8736	1024
2406	1024
1885	1024
7734	1024
7401	1024
7456	1024
715	1024
8043	1024
6171	1024
1188	1024
5607	1024
9330	1024
88	1024
1560	1024
6094	1024
4682	1024
1719	1024
6949	1024
1126	1024
7356	1024
9413	1024
9913	1024
5962	1024
3522	1024
2272	1024
695	1024
3573	1024
8297	1024
6934	1024
901	1024
7411	1024
2021	1024
9658	1024
5647	1024
9755	1024
7059	1024
9455	1024
6821	1024
1453	1024
1977	1024
8008	1024
3411	1024
1306	1024
8096	1024
4971	1024
7400	1024
9129	1024
3041	1024
4348	1024
254	1024
396	1024
3760	1024
167	1024
6357	1024
3633	1024
8790	1024
3403	1024
7206	1024
7086	1024
336	1024
4458	1024
848	1024
2357	1024
4115	1024
2846	1024
2111	1024
7525	1024
2300	1024
5283	1024
5330	1024
4276	1024
9643	1024
8740	1024
5582	1024
4090	1024
62	1024
9333	1024
3218	1024
3102	1024
32	1024
3471	1024
3498	1024
143	1024
9989	1024
6206	1024
3776	1024
8778	1024
9609	1024
981	1024
2215	1024
9944	1024
1790	1024
9414	1024
2300	1024
5904	1024
8612	1024
762	1024
9781	1024
911	1024
2397	1024
5110	1024
1539	1024
2039	1024
3849	1024
3472	1024
6128	1024
263	1024
2804	1024
9345	1024
3364	1024
2835	1024
9167	1024
3213	1024
9329	1024
9156	1024
9419	1024
3104	1024
4285	1024
9027	1024
4084	1024
2852	1024
8970	1024
2225	1024
2265	1024
7622	1024
8129	1024
876	1024
4735	1024
7909	1024
8139	1024
7131	1024
9370	1024
6029	1024
9169	1024
9570	1024
9500	1024
1648	1024
9832	1024
8655	1024
7344	1024
3196	1024
7841	1024
6511	1024
6408	1024
7169	1024
2018	1024
2178	1024
273	1024
6302	1024
1204	1024
708	1024
9153	1024
6526	1024
2933	1024
7770	1024
4147	1024
7413	1024
4997	1024
5233	1024
1673	1024
3135	1024
2364	1024
1042	1024
9163	1024
7884	1024
611	1024
5014	1024
5884	1024
6795	1024
3668	1024
3227	1024
6342	1024
1508	1024
9737	1024
9101	1024
8677	1024
8106	1024
1279	1024
5301	1024
4408	1024
2482	1024
6008	1024
9912	1024
9007	1024
5292	1024
4033	1024
9505	1024
2704	1024
9030	1024
4738	1024
4376	1024
8516	1024
3453	1024
1769	1024
4031	1024
7688	1024
8732	1024
9044	1024
3571	1024
5526	1024
2712	1024
3150	1024
1867	1024
571	1024
9238	1024
967	1024
5599	1024
7344	1024
2245	1024
899	1024
1751	1024
1079	1024
3259	1024
8014	1024
6437	1024
8550	1024
2047	1024
5942	1024
1254	1024
1076	1024
7031	1024
1981	1024
9591	1024
6835	1024
3750	1024
3621	1024
874	1024
2481	1024
9017	1024
4445	1024
4358	1024
8080	1024
7594	1024
6224	1024
8650	1024
3183	1024
7190	1024
4249	1024
526	1024
5787	1024
5147	1024
8628	1024
6865	1024
8405	1024
6642	1024
3301	1024
3307	1024
5040	1024
5594	1024
912	1024
6115	1024
8976	1024
2892	1024
2057	1024
2162	1024
2993	1024
2030	1024
3036	1024
1825	1024
7398	1024
3832	1024
6182	1024
5477	1024
7777	1024
8757	1024
4126	1024
959	1024
5947	1024
8374	1024
1485	1024
8085	1024
9873	1024
112	1024
1301	1024
4629	1024
3105	1024
4601	1024
7935	1024
8144	1024
6547	1024
8846	1024
610	1024
1874	1024
8090	1024
9019	1024
388	1024
7434	1024
7400	1024
3423	1024
9259	1024
4797	1024
3606	1024
1792	1024
273	1024
1382	1024
549	1024
4398	1024
2340	1024
6495	1024
9124	1024
176	1024
931	1024
5348	1024
6640	1024
2231	1024
9976	1024
9744	1024
3183	1024
4263	1024
7888	1024
6081	1024
9460	1024
4849	1024
7955	1024
7549	1024
3867	1024
8342	1024
4983	1024
1266	1024
8116	1024
593	1024
6062	1024
1721	1024
2384	1024
6334	1024
9454	1024
2932	1024
7084	1024
8145	1024
5778	1024
2559	1024
8321	1024
6708	1024
7906	1024
4960	1024
5290	1024
7881	1024
1055	1024
8473	1024
8495	1024
8942	1024
4553	1024
7955	1024
143	1024
8859	1024
1855	1024
4009	1024
3552	1024
3189	1024
1627	1024
1667	1024
3781	1024
7688	1024
9739	1024
2517	1024
374	1024
9192	1024
5448	1024
3809	1024
7337	1024
7578	1024
6367	1024
2009	1024
637	1024
4272	1024
6968	1024
5927	1024
8504	1024
8022	1024
4399	1024
6999	1024
3316	1024
5303	1024
1305	1024
9810	1024
514	1024
3159	1024
3818	1024
4065	1024
2700	1024
5444	1024
2084	1024
2832	1024
9484	1024
1822	1024
5348	1024
9857	1024
7366	1024
7148	1024
17	1024
1054	1024
1077	1024
6383	1024
3062	1024
1713	1024
654	1024
6381	1024
7639	1024
5509	1024
4402	1024
8389	1024
2507	1024
4069	1024
3692	1024
163	1024
3878	1024
557	1024
3322	1024
4048	1024
4621	1024
2373	1024
5843	1024
3056	1024
5204	1024
5326	1024
1230	1024
6904	1024
1534	1024
8595	1024
4051	1024
1550	1024
9648	1024
5127	1024
7932	1024
9061	1024
3191	1024
4937	1024
5441	1024
830	1024
446	1024
6194	1024
9218	1024
9304	1024
263	1024
9261	1024
9467	1024
492	1024
9817	1024
9140	1024
891	1024
790	1024
1512	1024
6734	1024
3845	1024
3067	1024
8411	1024
5074	1024
9970	1024
9945	1024
20	1024
372	1024
7846	1024
9667	1024
1850	1024
2130	1024
8727	1024
5041	1024
7066	1024
519	1024
5870	1024
3863	1024
6713	1024
1439	1024
3167	1024
3327	1024
7052	1024
8985	1024
170	1024
3220	1024
8124	1024
1061	1024
4009	1024
5987	1024
7794	1024
4206	1024
9053	1024
6204	1024
9279	1024
9023	1024
2500	1024
9299	1024
9394	1024
346	1024
5317	1024
7596	1024
2475	1024
396	1024
2636	1024
5892	1024
914	1024
4857	1024
6107	1024
3978	1024
2647	1024
5625	1024
7304	1024
9698	1024
4609	1024
7474	1024
2918	1024
2732	1024
8534	1024
3278	1024
8718	1024
2679	1024
7483	1024
7770	1024
5234	1024
3114	1024
3144	1024
4086	1024
8764	1024
8890	1024
4431	1024
432	1024
6485	1024
3257	1024
7179	1024
9120	1024
5500	1024
8093	1024
328	1024
1606	1024
8422	1024
2974	1024
7230	1024
5726	1024
2672	1024
8190	1024
3199	1024
1941	1024
921	1024
8084	1024
1570	1024
5990	1024
7114	1024
5405	1024
112	1024
8699	1024
8518	1024
9607	1024
2784	1024
3633	1024
8496	1024
3566	1024
4064	1024
4980	1024
3174	1024
1243	1024
451	1024
8674	1024
5687	1024
778	1024
6631	1024
4108	1024
3752	1024
213	1024
9833	1024
2775	1024
8402	1024
9383	1024
1067	1024
9323	1024
3818	1024
2636	1024
1664	1024
931	1024
8040	1024
8127	1024
5982	1024
2909	1024
7734	1024
8765	1024
6541	1024
2581	1024
8683	1024
6957	1024
7561	1024
1856	1024
8199	1024
4363	1024
529	1024
237	1024
5141	1024
3512	1024
4344	1024
5244	1024
3724	1024
529	1024
4370	1024
2125	1024
6263	1024
5436	1024
7799	1024
6433	1024
8071	1024
5815	1024
3715	1024
2463	1024
3941	1024
9696	1024
1723	1024
8026	1024
8461	1024
8264	1024
607	1024
7143	1024
5220	1024
4519	1024
5350	1024
9770	1024
5233	1024
2231	1024
6358	1024
373	1024
5742	1024
7053	1024
1968	1024
5817	1024
3933	1024
6337	1024
7941	1024
196	1024
1772	1024
2092	1024
6628	1024
6195	1024
7906	1024
342	1024
5009	1024
8198	1024
6390	1024
6731	1024
2576	1024
1202	1024
4994	1024
9534	1024
4696	1024
6565	1024
404	1024
45	1024
2686	1024
5636	1024
2275	1024
9043	1024
2361	1024
4368	1024
6096	1024
4328	1024
184	1024
28	1024
665	1024
8125	1024
6575	1024
8788	1024
6568	1024
9554	1024
4982	1024
4473	1024
6248	1024
9990	1024
9022	1024
2637	1024
6721	1024
1597	1024
3838	1024
8066	1024
1130	1024
8533	1024
983	1024
7885	1024
4929	1024
3668	1024
3521	1024
7204	1024
9063	1024
5881	1024
1571	1024
1510	1024
208	1024
1755	1024
7889	1024
7224	1024
6231	1024
4464	1024
6012	1024
2798	1024
369	1024
7345	1024
3622	1024
6616	1024
3687	1024
2643	1024
5604	1024
6759	1024
592	1024
5793	1024
4824	1024
8073	1024
677	1024
5806	1024
5958	1024
5606	1024
5826	1024
9478	1024
2809	1024
4888	1024
1710	1024
731	1024
2749	1024
1917	1024
8837	1024
637	1024
5493	1024
5067	1024
1452	1024
1504	1024
4216	1024
1821	1024
5200	1024
7837	1024
4788	1024
8886	1024
6832	1024
6744	1024
5644	1024
7423	1024
2536	1024
6820	1024
5495	1024
3213	1024
8977	1024
7804	1024
5170	1024
4802	1024
7281	1024
4330	1024
6041	1024
8990	1024
5060	1024
8789	1024
7259	1024
3897	1024
5778	1024
2751	1024
5315	1024
7229	1024
606	1024
9531	1024
9049	1024
2157	1024
3719	1024
3837	1024
1043	1024
550	1024
580	1024
3038	1024
7972	1024
9467	1024
6209	1024
9819	1024
9031	1024
5186	1024
7622	1024
4200	1024
6339	1024
1255	1024
8529	1024
8732	1024
6596	1024
9941	1024
3872	1024
3854	1024
189	1024
9649	1024
2956	1024
5503	1024
6878	1024
9913	1024
1385	1024
5926	1024
2070	1024
5104	1024
6114	1024
9464	1024
5653	1024
3045	1024
8853	1024
3625	1024
2512	1024
5062	1024
9795	1024
7894	1024
6599	1024
7416	1024
2094	1024
9289	1024
8670	1024
6974	1024
8020	1024
1618	1024
6914	1024
1892	1024
5471	1024
7102	1024
7892	1024
4779	1024
8957	1024
4769	1024
1043	1024
341	1024
7047	1024
3112	1024
5444	1024
3160	1024
8927	1024
7449	1024
2557	1024
4132	1024
7425	1024
1420	1024
5545	1024
7219	1024
9313	1024
2143	1024
4634	1024
1406	1024
1431	1024
9656	1024
4732	1024
5803	1024
1273	1024
7997	1024
4046	1024
3095	1024
1451	1024
1937	1024
4225	1024
407	1024
6706	1024
5268	1024
7099	1024
3752	1024
4731	1024
8895	1024
3263	1024
3658	1024
6343	1024
5819	1024
4141	1024
3767	1024
7238	1024
9685	1024
985	1024
6551	1024
1827	1024
1970	1024
4308	1024
9609	1024
1625	1024
9039	1024
5411	1024
9249	1024
7036	1024
9456	1024
8696	1024
8486	1024
1393	1024
2920	1024
5244	1024
4450	1024
8187	1024
2342	1024
8201	1024
2918	1024
1236	1024
1463	1024
2927	1024
7578	1024
3634	1024
7067	1024
7696	1024
871	1024
6751	1024
8680	1024
3773	1024
4929	1024
650	1024
8081	1024
4537	1024
8626	1024
3471	1024
6300	1024
4227	1024
6858	1024
2107	1024
2922	1024
5343	1024
9851	1024
5841	1024
6938	1024
4300	1024
380	1024
9280	1024
8852	1024
3297	1024
6867	1024
6667	1024
6223	1024
797	1024
300	1024
3289	1024
8492	1024
1170	1024
6391	1024
7172	1024
4943	1024
1319	1024
4173	1024
9375	1024
2207	1024
9150	1024
2845	1024
8506	1024
3376	1024
9703	1024
6965	1024
2649	1024
1397	1024
6815	1024
4842	1024
8335	1024
7467	1024
5221	1024
3966	1024
6318	1024
8517	1024
832	1024
2984	1024
1091	1024
1628	1024
9635	1024
731	1024
6472	1024
805	1024
7121	1024
3643	1024
2099	1024
4791	1024
4167	1024
7825	1024
6997	1024
9668	1024
7021	1024
5503	1024
3044	1024
3075	1024
8819	1024
2044	1024
4472	1024
5633	1024
6885	1024
9158	1024
3099	1024
8457	1024
3123	1024
9417	1024
3325	1024
306	1024
8752	1024
4415	1024
8286	1024
8387	1024
1497	1024
4757	1024
5543	1024
4969	1024
4751	1024
3993	1024
9759	1024
5269	1024
1817	1024
6756	1024
4936	1024
8837	1024
8610	1024
4331	1024
1912	1024
7428	1024
6375	1024
2735	1024
9412	1024
9611	1024
1892	1024
2511	1024
8068	1024
1366	1024
8279	1024
1392	1024
8023	1024
7030	1024
2159	1024
6308	1024
1768	1024
3655	1024
7416	1024
7310	1024
8624	1024
2166	1024
7654	1024
8382	1024
7434	1024
5822	1024
1489	1024
8722	1024
4659	1024
6450	1024
3052	1024
2922	1024
3877	1024
9426	1024
2008	1024
3289	1024
5389	1024
251	1024
2151	1024
3456	1024
7968	1024
429	1024
4847	1024
5990	1024
3810	1024
3357	1024
8650	1024
5578	1024
7012	1024
6065	1024
9239	1024
5635	1024
4583	1024
3245	1024
368	1024
8368	1024
9066	1024
8209	1024
7089	1024
76	1024
4658	1024
141	1024
9349	1024
8535	1024
5918	1024
1356	1024
8175	1024
1306	1024
7958	1024
325	1024
1113	1024
5925	1024
7105	1024
2312	1024
8267	1024
914	1024
5668	1024
6916	1024
2843	1024
2679	1024
9332	1024
8434	1024
4665	1024
3914	1024
1678	1024
1385	1024
8634	1024
7095	1024
9593	1024
5722	1024
7171	1024
4250	1024
2214	1024
6519	1024
9136	1024
4484	1024
7875	1024
7310	1024
2141	1024
5832	1024
3986	1024
3254	1024
8109	1024
1090	1024
5565	1024
6375	1024
8356	1024
1232	1024
3290	1024
7550	1024
263	1024
8973	1024
2335	1024
4927	1024
9239	1024
364	1024
6311	1024
7872	1024
7459	1024
2255	1024
9945	1024
4629	1024
6505	1024
8511	1024
1147	1024
1992	1024
2994	1024
5373	1024
5654	1024
5134	1024
7557	1024
9639	1024
8387	1024
5665	1024
7081	1024
303	1024
2039	1024
1788	1024
1535	1024
1680	1024
9337	1024
8149	1024
652	1024
8024	1024
3075	1024
6242	1024
8387	1024
5738	1024
4113	1024
5845	1024
4344	1024
410	1024
6825	1024
7200	1024
8920	1024
7972	1024
9192	1024
1913	1024
3344	1024
4845	1024
3398	1024
900	1024
835	1024
8137	1024
2916	1024
7915	1024
8439	1024
1306	1024
6054	1024
6325	1024
2985	1024
5391	1024
4473	1024
9989	1024
9766	1024
3900	1024
6230	1024
8152	1024
5989	1024
6695	1024
349	1024
332	1024
7104	1024
7173	1024
7532	1024
6023	1024
1496	1024
3075	1024
4287	1024
4840	1024
7919	1024
7684	1024
2091	1024
5105	1024
5820	1024
1359	1024
9372	1024
611	1024
2664	1024
5425	1024
6935	1024
5649	1024
7167	1024
7760	1024
1989	1024
6932	1024
1659	1024
4570	1024
5084	1024
7647	1024
1264	1024
1784	1024
4330	1024
4719	1024
8956	1024
1861	1024
741	1024
452	1024
1287	1024
1379	1024
1643	1024
5557	1024
5415	1024
85	1024
662	1024
1234	1024
1443	1024
33	1024
8196	1024
4107	1024
5457	1024
5131	1024
6107	1024
2624	1024
9242	1024
4447	1024
5907	1024
900	1024
9016	1024
7342	1024
4898	1024
280	1024
9125	1024
9227	1024
4998	1024
4433	1024
7440	1024
2091	1024
4884	1024
8726	1024
9821	1024
2878	1024
4283	1024
5235	1024
2962	1024
1296	1024
2821	1024
757	1024
1328	1024
1016	1024
4863	1024
3136	1024
2498	1024
7321	1024
2111	1024
1739	1024
1767	1024
8018	1024
2638	1024
782	1024
5359	1024
3887	1024
7413	1024
836	1024
3114	1024
8763	1024
5268	1024
553	1024
7205	1024
151	1024
5630	1024
7025	1024
9380	1024
6264	1024
2260	1024
2341	1024
7559	1024
5080	1024
3097	1024
5238	1024
2447	1024
4311	1024
8374	1024
4945	1024
7983	1024
6836	1024
3035	1024
9749	1024
4853	1024
2025	1024
531	1024
6564	1024
5911	1024
4295	1024
7399	1024
9024	1024
3057	1024
2666	1024
5928	1024
261	1024
9168	1024
7910	1024
3638	1024
8547	1024
4173	1024
5897	1024
7239	1024
1732	1024
7328	1024
6688	1024
3321	1024
9774	1024
7350	1024
1694	1024
1070	1024
5333	1024
4882	1024
4105	1024
5081	1024
9734	1024
2481	1024
1963	1024
2649	1024
8391	1024
6258	1024
47	1024
3767	1024
5666	1024
9064	1024
6046	1024
2279	1024
4583	1024
3955	1024
5916	1024
9481	1024
8128	1024
8164	1024
6720	1024
6211	1024
1843	1024
9759	1024
5883	1024
7968	1024
7108	1024
3929	1024
9038	1024
8792	1024
8810	1024
9494	1024
3873	1024
8543	1024
1974	1024
2187	1024
7544	1024
6716	1024
4796	1024
3942	1024
482	1024
462	1024
9358	1024
6528	1024
9092	1024
3940	1024
6834	1024
1359	1024
3421	1024
1313	1024
9522	1024
6492	1024
3875	1024
1364	1024
6250	1024
9758	1024
5683	1024
9709	1024
3686	1024
4720	1024
8501	1024
2495	1024
565	1024
8725	1024
7389	1024
8890	1024
911	1024
4932	1024
5606	1024
5707	1024
5226	1024
2439	1024
2520	1024
4583	1024
8966	1024
1611	1024
8522	1024
2152	1024
2969	1024
8294	1024
3464	1024
8842	1024
4785	1024
7339	1024
6557	1024
7386	1024
7096	1024
2239	1024
7095	1024
7133	1024
3311	1024
1947	1024
9627	1024
227	1024
671	1024
7015	1024
9117	1024
7933	1024
8299	1024
4722	1024
9991	1024
3524	1024
7160	1024
8862	1024
8106	1024
2478	1024
472	1024
2979	1024
4629	1024
9792	1024
1273	1024
4444	1024
4985	1024
6057	1024
1782	1024
7893	1024
9795	1024
5229	1024
132	1024
6889	1024
2361	1024
9794	1024
5187	1024
1987	1024
20	1024
5857	1024
5354	1024
9136	1024
141	1024
4	1024
209	1024
132	1024
9879	1024
3721	1024
8993	1024
4336	1024
2550	1024
5817	1024
7314	1024
3530	1024
1960	1024
4938	1024
7973	1024
3297	1024
995	1024
6107	1024
1189	1024
7141	1024
1335	1024
1320	1024
4029	1024
48	1024
7465	1024
5567	1024
8386	1024
7485	1024
1423	1024
3739	1024
6620	1024
7915	1024
94	1024
3181	1024
8046	1024
6324	1024
3253	1024
3391	1024
659	1024
5802	1024
5559	1024
4325	1024
9331	1024
7518	1024
9262	1024
3655	1024
814	1024
6608	1024
9761	1024
2003	1024
3748	1024
1096	1024
9674	1024
4128	1024
1143	1024
7139	1024
9694	1024
9528	1024
975	1024
1116	1024
9619	1024
3946	1024
5383	1024
6064	1024
7126	1024
9780	1024
2388	1024
378	1024
3170	1024
3046	1024
6179	1024
8728	1024
7370	1024
1861	1024
2598	1024
6632	1024
5516	1024
3411	1024
9591	1024
1628	1024
1765	1024
3339	1024
9075	1024
7791	1024
7466	1024
217	1024
1281	1024
7160	1024
6097	1024
2255	1024
4627	1024
2067	1024
6200	1024
9	1024
4482	1024
3326	1024
9789	1024
6869	1024
55	1024
9310	1024
6267	1024
2586	1024
8038	1024
9988	1024
4446	1024
6987	1024
2971	1024
6313	1024
6749	1024
2562	1024
7941	1024
8514	1024
5900	1024
7015	1024
2656	1024
9717	1024
3584	1024
3936	1024
6876	1024
6032	1024
6190	1024
1503	1024
4450	1024
2389	1024
7863	1024
8931	1024
2066	1024
7651	1024
2152	1024
8473	1024
6961	1024
4770	1024
1058	1024
1350	1024
1109	1024
1855	1024
8336	1024
4080	1024
4520	1024
5084	1024
2993	1024
8812	1024
9949	1024
5244	1024
2178	1024
8956	1024
4960	1024
5761	1024
2891	1024
1836	1024
8144	1024
5432	1024
9690	1024
8945	1024
4173	1024
7552	1024
4228	1024
2590	1024
5203	1024
2731	1024
1062	1024
8515	1024
7500	1024
8471	1024
6216	1024
4960	1024
326	1024
4551	1024
5391	1024
1197	1024
5986	1024
8383	1024
8	1024
2287	1024
9978	1024
2185	1024
1242	1024
4938	1024
4298	1024
4133	1024
3125	1024
2441	1024
9564	1024
9166	1024
7738	1024
3736	1024
6717	1024
1965	1024
2678	1024
8271	1024
4695	1024
3739	1024
3137	1024
8546	1024
2210	1024
9352	1024
3505	1024
8887	1024
254	1024
8896	1024
83	1024
6240	1024
3630	1024
90	1024
8526	1024
3608	1024
8626	1024
9767	1024
4897	1024
2923	1024
251	1024
4373	1024
1716	1024
6167	1024
3538	1024
9453	1024
6254	1024
6606	1024
7769	1024
8931	1024
4877	1024
2463	1024
2670	1024
4365	1024
1008	1024
1231	1024
3717	1024
864	1024
117	1024
3970	1024
9759	1024
199	1024
6561	1024
3389	1024
6640	1024
1438	1024
3348	1024
5265	1024
1205	1024
8244	1024
4540	1024
7807	1024
2616	1024
2607	1024
3973	1024
6153	1024
2059	1024
6579	1024
2758	1024
9827	1024
5509	1024
3986	1024
8641	1024
4530	1024
8351	1024
6000	1024
5760	1024
8419	1024
6863	1024
2228	1024
2388	1024
6622	1024
2426	1024
5301	1024
6362	1024
5417	1024
6738	1024
9709	1024
7034	1024
7942	1024
7952	1024
7925	1024
2101	1024
6919	1024
531	1024
2425	1024
9423	1024
2589	1024
9003	1024
8532	1024
8767	1024
864	1024
2518	1024
3759	1024
1745	1024
7220	1024
9758	1024
7505	1024
5638	1024
2972	1024
6084	1024
4377	1024
5945	1024
4862	1024
9677	1024
2306	1024
278	1024
6415	1024
8366	1024
3663	1024
708	1024
2669	1024
1587	1024
9160	1024
9587	1024
2117	1024
1585	1024
9009	1024
1057	1024
6939	1024
3893	1024
6175	1024
4154	1024
2762	1024
9933	1024
5899	1024
9981	1024
6042	1024
9755	1024
1970	1024
9014	1024
5838	1024
2698	1024
4958	1024
699	1024
8727	1024
3616	1024
7329	1024
1493	1024
1981	1024
991	1024
2200	1024
4650	1024
8930	1024
7712	1024
588	1024
1046	1024
5648	1024
5949	1024
2103	1024
8938	1024
9841	1024
8277	1024
3092	1024
8954	1024
8210	1024
5342	1024
8934	1024
603	1024
1448	1024
7255	1024
9616	1024
3637	1024
6304	1024
926	1024
688	1024
5030	1024
4541	1024
8016	1024
2874	1024
2873	1024
5358	1024
5074	1024
3874	1024
4287	1024
9137	1024
814	1024
5333	1024
4784	1024
6762	1024
3787	1024
3721	1024
2954	1024
2063	1024
3164	1024
1907	1024
6624	1024
8505	1024
7192	1024
7227	1024
9952	1024
798	1024
3194	1024
3589	1024
3453	1024
471	1024
4276	1024
4835	1024
1363	1024
8643	1024
7708	1024
4236	1024
352	1024
9133	1024
4461	1024
4639	1024
8269	1024
1626	1024
6323	1024
3052	1024
8387	1024
109	1024
3125	1024
7692	1024
8523	1024
6288	1024
5950	1024
1499	1024
1145	1024
9493	1024
8725	1024
1096	1024
6642	1024
8270	1024
1036	1024
95	1024
8741	1024
1663	1024
4929	1024
6455	1024
6657	1024
2636	1024
7042	1024
7009	1024
1769	1024
1503	1024
1647	1024
6389	1024
3128	1024
4321	1024
9441	1024
7867	1024
4429	1024
8917	1024
1910	1024
2951	1024
5204	1024
7860	1024
4449	1024
6348	1024
3704	1024
9525	1024
3796	1024
346	1024
4147	1024
1183	1024
440	1024
9239	1024
2846	1024
5368	1024
5693	1024
5854	1024
4355	1024
2735	1024
2862	1024
2475	1024
589	1024
4508	1024
8864	1024
3716	1024
8828	1024
4656	1024
7934	1024
9608	1024
3572	1024
9844	1024
8911	1024
5127	1024
4055	1024
9711	1024
7827	1024
4110	1024
5588	1024
7974	1024
4455	1024
9734	1024
9156	1024
4894	1024
8972	1024
8353	1024
6613	1024
1016	1024
4207	1024
7320	1024
3750	1024
7068	1024
9794	1024
690	1024
7928	1024
8657	1024
4406	1024
3107	1024
3312	1024
8691	1024
2715	1024
6883	1024
4886	1024
7977	1024
2010	1024
5292	1024
7687	1024
6188	1024
9402	1024
3274	1024
4161	1024
3856	1024
9359	1024
3316	1024
5102	1024
4682	1024
8021	1024
8066	1024
5698	1024
2227	1024
5385	1024
5799	1024
5646	1024
1531	1024
6489	1024
9925	1024
187	1024
7246	1024
3032	1024
3499	1024
5936	1024
2098	1024
6733	1024
7174	1024
74	1024
5094	1024
2465	1024
7760	1024
1281	1024
1866	1024
7386	1024
5441	1024
2074	1024
6744	1024
5109	1024
3527	1024
1426	1024
3129	1024
7944	1024
7123	1024
1707	1024
3329	1024
9273	1024
3704	1024
4859	1024
5761	1024
3629	1024
1397	1024
9358	1024
6660	1024
4895	1024
5294	1024
5109	1024
7980	1024
8819	1024
5182	1024
3073	1024
1283	1024
9293	1024
706	1024
9501	1024
6678	1024
6146	1024
1574	1024
3422	1024
7606	1024
1452	1024
1199	1024
7086	1024
9395	1024
8321	1024
5144	1024
9075	1024
7593	1024
8848	1024
285	1024
9706	1024
8828	1024
1682	1024
9063	1024
1839	1024
2928	1024
708	1024
6947	1024
907	1024
9526	1024
2128	1024
332	1024
809	1024
7772	1024
1037	1024
6661	1024
4450	1024
3534	1024
4586	1024
4223	1024
1140	1024
6037	1024
5421	1024
4577	1024
1783	1024
93	1024
9721	1024
858	1024
4037	1024
4920	1024
1142	1024
3742	1024
3747	1024
9175	1024
9157	1024
5585	1024
2103	1024
9864	1024
2531	1024
9361	1024
5742	1024
1010	1024
9692	1024
6550	1024
8781	1024
728	1024
9562	1024
9582	1024
4262	1024
4147	1024
156	1024
1753	1024
6535	1024
5576	1024
6329	1024
8317	1024
2020	1024
2401	1024
9174	1024
6057	1024
7320	1024
6668	1024
6150	1024
7418	1024
5842	1024
5306	1024
3002	1024
7944	1024
1522	1024
1884	1024
7305	1024
7263	1024
2893	1024
3348	1024
164	1024
8026	1024
4076	1024
9725	1024
3959	1024
4689	1024
3871	1024
4115	1024
6441	1024
405	1024
6042	1024
9121	1024
8721	1024
8062	1024
1522	1024
4247	1024
470	1024
8841	1024
914	1024
6619	1024
2611	1024
6755	1024
8277	1024
5612	1024
1051	1024
9798	1024
7496	1024
8355	1024
7060	1024
6740	1024
1702	1024
7223	1024
1117	1024
2129	1024
6947	1024
5076	1024
6817	1024
7169	1024
5542	1024
3257	1024
7573	1024
1583	1024
2378	1024
2645	1024
5996	1024
251	1024
6891	1024
2817	1024
5443	1024
7804	1024
9436	1024
8053	1024
911	1024
4064	1024
3665	1024
1961	1024
3861	1024
7512	1024
6667	1024
920	1024
4251	1024
4720	1024
8142	1024
5368	1024
6849	1024
1440	1024
6795	1024
3665	1024
8608	1024
2336	1024
3274	1024
2532	1024
270	1024
2003	1024
5176	1024
2618	1024
2253	1024
8419	1024
5434	1024
7695	1024
2574	1024
1221	1024
5748	1024
3484	1024
5284	1024
5764	1024
5444	1024
5496	1024
3275	1024
8462	1024
6415	1024
3877	1024
3182	1024
908	1024
5596	1024
30	1024
2347	1024
8742	1024
46	1024
954	1024
1077	1024
3319	1024
9837	1024
7699	1024
1673	1024
1365	1024
6668	1024
3925	1024
9783	1024
8453	1024
7972	1024
8708	1024
6026	1024
3719	1024
2192	1024
7661	1024
5834	1024
3987	1024
3157	1024
5460	1024
8801	1024
5923	1024
9336	1024
1982	1024
6831	1024
4932	1024
2011	1024
9177	1024
3673	1024
8408	1024
6483	1024
1102	1024
8079	1024
6319	1024
5152	1024
9751	1024
7683	1024
8171	1024
28	1024
3817	1024
6623	1024
7999	1024
2525	1024
9000	1024
8069	1024
1068	1024
6661	1024
3902	1024
1406	1024
6169	1024
9361	1024
206	1024
2091	1024
5048	1024
8539	1024
8921	1024
6331	1024
6901	1024
4450	1024
6356	1024
5309	1024
7284	1024
7457	1024
3387	1024
9954	1024
8960	1024
9489	1024
3989	1024
7130	1024
9516	1024
7805	1024
104	1024
3866	1024
6681	1024
5456	1024
1934	1024
4100	1024
2116	1024
2187	1024
1858	1024
4636	1024
7899	1024
2063	1024
6726	1024
2947	1024
6954	1024
1999	1024
9277	1024
3854	1024
2800	1024
5632	1024
9162	1024
83	1024
9440	1024
8900	1024
36	1024
4751	1024
8389	1024
376	1024
8232	1024
4256	1024
8181	1024
8336	1024
8122	1024
1213	1024
143	1024
6407	1024
5313	1024
2258	1024
8594	1024
3522	1024
6893	1024
6492	1024
5584	1024
9970	1024
5790	1024
8889	1024
1968	1024
1419	1024
2743	1024
4767	1024
7050	1024
1904	1024
1201	1024
2842	1024
7156	1024
7589	1024
7592	1024
1896	1024
7964	1024
2176	1024
6151	1024
2496	1024
6863	1024
624	1024
3709	1024
7005	1024
7031	1024
5373	1024
9262	1024
1976	1024
8894	1024
2506	1024
4819	1024
829	1024
8827	1024
609	1024
9718	1024
795	1024
8379	1024
2460	1024
1913	1024
5428	1024
715	1024
3114	1024
4621	1024
7870	1024
7054	1024
8565	1024
6117	1024
5017	1024
740	1024
2268	1024
7513	1024
7602	1024
9243	1024
7573	1024
4606	1024
2625	1024
2945	1024
219	1024
4600	1024
8190	1024
2724	1024
5771	1024
5370	1024
1550	1024
2731	1024
1439	1024
8696	1024
1109	1024
3898	1024
6961	1024
2888	1024
965	1024
6426	1024
7509	1024
5186	1024
3479	1024
6073	1024
1303	1024
8495	1024
3164	1024
9922	1024
2359	1024
765	1024
9164	1024
9931	1024
5370	1024
8141	1024
9227	1024
1940	1024
2740	1024
3768	1024
1015	1024
8510	1024
9138	1024
8916	1024
7592	1024
576	1024
7612	1024
8700	1024
826	1024
4572	1024
1588	1024
1790	1024
997	1024
5448	1024
3327	1024
4475	1024
7872	1024
4629	1024
9321	1024
1035	1024
902	1024
1680	1024
8151	1024
6418	1024
1610	1024
3520	1024
4558	1024
7189	1024
1811	1024
3649	1024
956	1024
2825	1024
8511	1024
93	1024
1740	1024
6102	1024
7021	1024
9351	1024
4802	1024
7846	1024
274	1024
2741	1024
5987	1024
7622	1024
8188	1024
9313	1024
8448	1024
6059	1024
3942	1024
4121	1024
3445	1024
1195	1024
5800	1024
1595	1024
7612	1024
3761	1024
1466	1024
2169	1024
7301	1024
3276	1024
5818	1024
8257	1024
6100	1024
4328	1024
4701	1024
4191	1024
429	1024
1721	1024
3542	1024
1582	1024
9566	1024
167	1024
4322	1024
5552	1024
4141	1024
8861	1024
4865	1024
8940	1024
1271	1024
5158	1024
3060	1024
4715	1024
6352	1024
5211	1024
2661	1024
3964	1024
8972	1024
4126	1024
2484	1024
6272	1024
3753	1024
8301	1024
880	1024
6204	1024
8980	1024
5581	1024
395	1024
5761	1024
7301	1024
288	1024
7342	1024
3219	1024
6806	1024
8016	1024
8770	1024
946	1024
6876	1024
9986	1024
9886	1024
8147	1024
1495	1024
9297	1024
2861	1024
7847	1024
4508	1024
1874	1024
8162	1024
9831	1024
5999	1024
645	1024
2454	1024
6104	1024
5298	1024
3334	1024
8659	1024
629	1024
8914	1024
9053	1024
6389	1024
2566	1024
5692	1024
3731	1024
2136	1024
2498	1024
1746	1024
906	1024
9795	1024
8621	1024
7243	1024
6032	1024
3119	1024
8738	1024
5329	1024
5980	1024
2936	1024
9836	1024
7853	1024
1097	1024
6018	1024
203	1024
8093	1024
8471	1024
2658	1024
9742	1024
1804	1024
1317	1024
371	1024
7069	1024
6721	1024
6759	1024
5987	1024
2413	1024
6841	1024
8122	1024
4910	1024
4938	1024
5379	1024
1056	1024
9911	1024
2622	1024
7088	1024
3029	1024
7711	1024
2416	1024
5360	1024
646	1024
8603	1024
9564	1024
8094	1024
4620	1024
6119	1024
2538	1024
9442	1024
8776	1024
2280	1024
1246	1024
92	1024
9002	1024
4666	1024
6813	1024
2112	1024
652	1024
5577	1024
8953	1024
8774	1024
6838	1024
3890	1024
504	1024
7893	1024
3800	1024
3125	1024
4980	1024
3181	1024
7187	1024
3747	1024
8540	1024
7832	1024
8701	1024
8104	1024
2277	1024
3320	1024
4222	1024
4815	1024
9114	1024
9349	1024
3446	1024
359	1024
9441	1024
2447	1024
1376	1024
2605	1024
4558	1024
8380	1024
4533	1024
3510	1024
7153	1024
1370	1024
3752	1024
4008	1024
9262	1024
3903	1024
7133	1024
4242	1024
7083	1024
4319	1024
4340	1024
1975	1024
8503	1024
3041	1024
6430	1024
779	1024
2712	1024
651	1024
5593	1024
1825	1024
9999	1024
9038	1024
8535	1024
5791	1024
7836	1024
9911	1024
4747	1024
2394	1024
8290	1024
9279	1024
2255	1024
1794	1024
648	1024
6006	1024
5801	1024
6262	1024
6261	1024
9285	1024
503	1024
9695	1024
9956	1024
1194	1024
8021	1024
8458	1024
4234	1024
4450	1024
5588	1024
6946	1024
5100	1024
7533	1024
8770	1024
1451	1024
2922	1024
3657	1024
7241	1024
758	1024
3567	1024
8340	1024
3151	1024
8208	1024
7618	1024
5405	1024
1	1024
4618	1024
7763	1024
2153	1024
879	1024
375	1024
7790	1024
7733	1024
6421	1024
7745	1024
8926	1024
4442	1024
2554	1024
9512	1024
8891	1024
8141	1024
6457	1024
343	1024
2025	1024
1578	1024
1793	1024
4947	1024
5234	1024
5385	1024
5704	1024
5152	1024
3724	1024
5206	1024
3359	1024
7694	1024
6962	1024
9711	1024
2311	1024
1076	1024
8216	1024
9541	1024
1450	1024
6005	1024
7273	1024
4223	1024
101	1024
2550	1024
8664	1024
2654	1024
2061	1024
3906	1024
7146	1024
4869	1024
4248	1024
9171	1024
6447	1024
6040	1024
469	1024
8032	1024
7777	1024
6172	1024
9536	1024
1500	1024
7729	1024
9246	1024
9193	1024
4690	1024
5309	1024
7855	1024
5766	1024
3524	1024
7395	1024
3567	1024
5880	1024
1019	1024
4141	1024
5980	1024
9921	1024
2804	1024
8633	1024
1981	1024
6710	1024
2130	1024
6850	1024
7309	1024
1300	1024
9648	1024
3349	1024
1768	1024
4031	1024
1125	1024
4291	1024
9918	1024
8976	1024
2019	1024
9164	1024
4521	1024
3061	1024
4472	1024
2375	1024
5178	1024
4347	1024
6122	1024
5096	1024
226	1024
3492	1024
9237	1024
6205	1024
3412	1024
8392	1024
4837	1024
5393	1024
5101	1024
3318	1024
8594	1024
8762	1024
4618	1024
4593	1024
2110	1024
2737	1024
4975	1024
9586	1024
3380	1024
4893	1024
4913	1024
1750	1024
4056	1024
9433	1024
1162	1024
4879	1024
8160	1024
6339	1024
9225	1024
633	1024
1435	1024
9450	1024
4124	1024
7023	1024
5654	1024
7536	1024
5414	1024
6842	1024
9280	1024
6867	1024
159	1024
4225	1024
5628	1024
1128	1024
8817	1024
4089	1024
217	1024
3791	1024
3674	1024
9948	1024
8683	1024
4938	1024
1697	1024
9090	1024
4371	1024
2859	1024
3968	1024
8882	1024
5549	1024
9544	1024
9514	1024
3335	1024
8993	1024
3637	1024
357	1024
998	1024
7524	1024
5771	1024
4191	1024
6803	1024
8989	1024
702	1024
7379	1024
4616	1024
8181	1024
6195	1024
8704	1024
4749	1024
6338	1024
8729	1024
4696	1024
1372	1024
3666	1024
2745	1024
6814	1024
4388	1024
1955	1024
781	1024
3269	1024
7503	1024
325	1024
9134	1024
7190	1024
5669	1024
2771	1024
7546	1024
3019	1024
6646	1024
9668	1024
7209	1024
9801	1024
8656	1024
4262	1024
7179	1024
3271	1024
2443	1024
9726	1024
8326	1024
3543	1024
6063	1024
7054	1024
8239	1024
3786	1024
7072	1024
983	1024
599	1024
1459	1024
2937	1024
7732	1024
1080	1024
6791	1024
4408	1024
213	1024
3980	1024
6428	1024
9335	1024
7878	1024
9446	1024
5981	1024
7545	1024
3007	1024
5781	1024
6201	1024
7268	1024
9311	1024
5823	1024
6062	1024
9036	1024
4149	1024
9605	1024
1450	1024
7554	1024
4195	1024
1588	1024
4625	1024
5177	1024
2186	1024
2436	1024
4465	1024
6269	1024
3515	1024
7607	1024
676	1024
3727	1024
7939	1024
7104	1024
3062	1024
5816	1024
2901	1024
5394	1024
3360	1024
5907	1024
7526	1024
5912	1024
9527	1024
3188	1024
8087	1024
5588	1024
2224	1024
2235	1024
1544	1024
25	1024
6140	1024
5738	1024
1612	1024
765	1024
7266	1024
150	1024
3200	1024
1730	1024
6418	1024
3066	1024
5689	1024
7094	1024
6792	1024
3627	1024
549	1024
6205	1024
9442	1024
3449	1024
7950	1024
9153	1024
9356	1024
1827	1024
5065	1024
5234	1024
5015	1024
3151	1024
821	1024
7238	1024
1737	1024
8717	1024
3614	1024
7876	1024
4454	1024
5226	1024
4992	1024
8072	1024
5375	1024
8191	1024
9801	1024
8144	1024
7608	1024
1841	1024
1589	1024
4400	1024
5467	1024
2137	1024
6956	1024
4908	1024
1938	1024
1258	1024
413	1024
7645	1024
3084	1024
5477	1024
2878	1024
8098	1024
4979	1024
3698	1024
1687	1024
3067	1024
8766	1024
5301	1024
7294	1024
3220	1024
6878	1024
2286	1024
1291	1024
8604	1024
6828	1024
7443	1024
6747	1024
4436	1024
5636	1024
8336	1024
5187	1024
1102	1024
6824	1024
8494	1024
2362	1024
8761	1024
9751	1024
2774	1024
6405	1024
9187	1024
4602	1024
9282	1024
7284	1024
5932	1024
9332	1024
8971	1024
5350	1024
8097	1024
623	1024
2643	1024
7668	1024
7500	1024
4928	1024
5310	1024
6103	1024
1756	1024
9105	1024
2849	1024
2543	1024
4740	1024
7536	1024
7729	1024
2193	1024
4360	1024
6222	1024
4554	1024
3120	1024
2325	1024
3679	1024
9525	1024
1511	1024
8280	1024
5158	1024
5146	1024
563	1024
4489	1024
4116	1024
5912	1024
2586	1024
1090	1024
8555	1024
6605	1024
8589	1024
9834	1024
1915	1024
1043	1024
7941	1024
1019	1024
244	1024
483	1024
2110	1024
7779	1024
8211	1024
4302	1024
2138	1024
785	1024
5208	1024
5258	1024
9461	1024
8886	1024
1134	1024
971	1024
3518	1024
6291	1024
6116	1024
4080	1024
7132	1024
6584	1024
6344	1024
6069	1024
7673	1024
4898	1024
2673	1024
2614	1024
4731	1024
939	1024
3656	1024
2672	1024
8309	1024
3899	1024
9506	1024
418	1024
8030	1024
4069	1024
1072	1024
167	1024
4853	1024
6279	1024
1776	1024
4313	1024
5164	1024
2909	1024
1635	1024
8681	1024
5552	1024
4102	1024
9113	1024
2683	1024
685	1024
5456	1024
5103	1024
4710	1024
6705	1024
7775	1024
7323	1024
7787	1024
8714	1024
7330	1024
6810	1024
3374	1024
1229	1024
6316	1024
3792	1024
5610	1024
384	1024
4863	1024
5776	1024
1588	1024
1141	1024
7552	1024
2252	1024
2656	1024
6812	1024
3886	1024
7689	1024
8715	1024
4339	1024
6801	1024
7749	1024
5024	1024
8608	1024
2851	1024
9733	1024
1664	1024
6978	1024
3407	1024
9450	1024
5691	1024
736	1024
2612	1024
9064	1024
8316	1024
5279	1024
9207	1024
3925	1024
2014	1024
421	1024
6053	1024
3601	1024
7913	1024
9956	1024
2204	1024
569	1024
3119	1024
2441	1024
4609	1024
1834	1024
6779	1024
7761	1024
5934	1024
1802	1024
6368	1024
8785	1024
7886	1024
8031	1024
5762	1024
7644	1024
3832	1024
7804	1024
8380	1024
2795	1024
3219	1024
3047	1024
8073	1024
8778	1024
6972	1024
86	1024
9198	1024
9376	1024
38	1024
3463	1024
9331	1024
2241	1024
383	1024
2449	1024
4681	1024
4991	1024
4282	1024
1460	1024
2751	1024
6568	1024
9613	1024
5470	1024
5352	1024
3851	1024
9852	1024
7465	1024
1494	1024
3683	1024
1620	1024
9873	1024
2830	1024
4838	1024
9272	1024
902	1024
9967	1024
6243	1024
988	1024
5517	1024
5618	1024
1025	1024
8979	1024
1300	1024
9618	1024
9361	1024
3748	1024
4298	1024
4351	1024
4382	1024
2109	1024
3453	1024
949	1024
1722	1024
8922	1024
2652	1024
1924	1024
8773	1024
116	1024
3417	1024
8807	1024
1735	1024
9642	1024
1636	1024
2924	1024
8913	1024
8890	1024
2891	1024
1507	1024
9877	1024
8407	1024
3476	1024
7253	1024
3737	1024
4775	1024
6870	1024
3097	1024
4874	1024
7520	1024
3799	1024
9255	1024
9628	1024
3603	1024
6555	1024
7701	1024
2524	1024
9206	1024
9624	1024
7648	1024
9321	1024
9393	1024
2806	1024
7407	1024
9034	1024
794	1024
6683	1024
4298	1024
9683	1024
9573	1024
5804	1024
5911	1024
4331	1024
5631	1024
3163	1024
4419	1024
405	1024
6385	1024
3867	1024
5278	1024
3904	1024
7665	1024
885	1024
9883	1024
1267	1024
7439	1024
7584	1024
142	1024
6645	1024
3559	1024
4141	1024
2317	1024
2951	1024
6946	1024
9724	1024
8336	1024
4091	1024
6406	1024
2633	1024
3773	1024
2330	1024
4788	1024
9683	1024
3012	1024
418	1024
9198	1024
7430	1024
822	1024
5582	1024
7648	1024
2452	1024
5837	1024
5312	1024
9688	1024
5719	1024
2930	1024
7126	1024
9654	1024
9423	1024
122	1024
3213	1024
9915	1024
2439	1024
2515	1024
3212	1024
8514	1024
851	1024
7303	1024
1271	1024
9835	1024
1075	1024
3600	1024
4623	1024
7110	1024
2963	1024
5040	1024
2659	1024
6744	1024
2214	1024
8240	1024
4391	1024
4665	1024
428	1024
6054	1024
4352	1024
2498	1024
5335	1024
7829	1024
2152	1024
4757	1024
7951	1024
1716	1024
1023	1024
6741	1024
582	1024
4234	1024
5254	1024
7784	1024
1536	1024
6524	1024
7619	1024
8963	1024
6475	1024
2241	1024
6072	1024
5789	1024
3632	1024
8730	1024
8884	1024
5845	1024
3321	1024
3274	1024
6861	1024
100	1024
5679	1024
7564	1024
2597	1024
1013	1024
5393	1024
1100	1024
2121	1024
9695	1024
9167	1024
3143	1024
6435	1024
9749	1024
7376	1024
8040	1024
3884	1024
5264	1024
915	1024
1502	1024
4226	1024
3741	1024
94	1024
297	1024
5881	1024
3726	1024
5378	1024
4764	1024
9570	1024
5050	1024
4389	1024
2783	1024
5149	1024
67	1024
346	1024
7745	1024
7431	1024
5738	1024
5197	1024
9551	1024
1784	1024
4363	1024
9045	1024
8218	1024
463	1024
2772	1024
2609	1024
4347	1024
8035	1024
9875	1024
2200	1024
8612	1024
3615	1024
2294	1024
5260	1024
9495	1024
2371	1024
637	1024
4258	1024
8292	1024
5686	1024
4998	1024
1074	1024
834	1024
5064	1024
1420	1024
4931	1024
2494	1024
3509	1024
6479	1024
8396	1024
5293	1024
7193	1024
3792	1024
9862	1024
4008	1024
6564	1024
2471	1024
8354	1024
950	1024
2345	1024
6905	1024
9562	1024
2312	1024
5550	1024
4821	1024
1806	1024
7920	1024
1810	1024
2416	1024
2564	1024
3847	1024
7413	1024
3637	1024
4681	1024
8829	1024
1408	1024
5963	1024
7674	1024
4917	1024
2441	1024
2422	1024
6561	1024
5985	1024
6213	1024
6422	1024
9992	1024
9128	1024
5244	1024
4697	1024
6430	1024
7589	1024
1602	1024
2343	1024
6252	1024
7151	1024
7163	1024
4409	1024
1423	1024
5324	1024
3176	1024
3986	1024
9171	1024
6941	1024
3974	1024
203	1024
5769	1024
5382	1024
2517	1024
3442	1024
6650	1024
1309	1024
2215	1024
3210	1024
7293	1024
8428	1024
9631	1024
7285	1024
7555	1024
4875	1024
1981	1024
3984	1024
8815	1024
9934	1024
6326	1024
1418	1024
7085	1024
9841	1024
5826	1024
4859	1024
1516	1024
9002	1024
5196	1024
686	1024
5942	1024
9169	1024
7240	1024
8062	1024
902	1024
9756	1024
1503	1024
7551	1024
1064	1024
70	1024
760	1024
4709	1024
8497	1024
6743	1024
1993	1024
2403	1024
7969	1024
325	1024
2739	1024
3135	1024
259	1024
5416	1024
4552	1024
3695	1024
1608	1024
377	1024
8553	1024
3124	1024
5730	1024
3748	1024
161	1024
1671	1024
2916	1024
7401	1024
9732	1024
170	1024
3508	1024
7587	1024
7720	1024
924	1024
7656	1024
4832	1024
5632	1024
2504	1024
7926	1024
3976	1024
4906	1024
2246	1024
4300	1024
7644	1024
5380	1024
4558	1024
3060	1024
6283	1024
4604	1024
1019	1024
3011	1024
3156	1024
4142	1024
8741	1024
3255	1024
655	1024
6763	1024
2523	1024
4407	1024
2847	1024
2692	1024
7914	1024
433	1024
411	1024
5189	1024
4440	1024
1594	1024
820	1024
6943	1024
9519	1024
4795	1024
8200	1024
8116	1024
5447	1024
2196	1024
3495	1024
6356	1024
1607	1024
6129	1024
960	1024
2625	1024
9140	1024
467	1024
6767	1024
7880	1024
3722	1024
7421	1024
994	1024
6244	1024
8179	1024
3840	1024
8935	1024
6092	1024
624	1024
5697	1024
7633	1024
5063	1024
3643	1024
8452	1024
8357	1024
9513	1024
9599	1024
2909	1024
7629	1024
1397	1024
5104	1024
1123	1024
7752	1024
6710	1024
7252	1024
5063	1024
9334	1024
2743	1024
5530	1024
2452	1024
622	1024
9251	1024
6224	1024
7967	1024
1846	1024
4402	1024
1807	1024
780	1024
6846	1024
2430	1024
2828	1024
4478	1024
3845	1024
6470	1024
9281	1024
8553	1024
5983	1024
8879	1024
1461	1024
3611	1024
6627	1024
2916	1024
1085	1024
4379	1024
9625	1024
4688	1024
9441	1024
5311	1024
7430	1024
1322	1024
7762	1024
4403	1024
572	1024
3986	1024
2370	1024
8769	1024
8387	1024
528	1024
5900	1024
1584	1024
2957	1024
8728	1024
6061	1024
3153	1024
1549	1024
5342	1024
1706	1024
7531	1024
572	1024
9518	1024
7493	1024
7199	1024
2434	1024
8578	1024
1577	1024
2058	1024
9617	1024
7369	1024
7368	1024
7047	1024
8691	1024
5130	1024
7801	1024
5614	1024
5467	1024
170	1024
4383	1024
205	1024
697	1024
282	1024
1789	1024
6	1024
5361	1024
7849	1024
3158	1024
6910	1024
9542	1024
4863	1024
4440	1024
114	1024
4381	1024
8285	1024
7312	1024
3166	1024
6862	1024
5240	1024
5223	1024
2830	1024
8960	1024
8943	1024
9876	1024
4002	1024
424	1024
7677	1024
9616	1024
5890	1024
4198	1024
350	1024
6094	1024
1247	1024
6983	1024
4234	1024
1252	1024
2344	1024
2083	1024
761	1024
9253	1024
1624	1024
1976	1024
44	1024
8089	1024
2708	1024
8328	1024
1752	1024
5873	1024
1541	1024
3343	1024
7447	1024
4371	1024
2303	1024
6389	1024
598	1024
6304	1024
6812	1024
4626	1024
2271	1024
2701	1024
5176	1024
8972	1024
5147	1024
6422	1024
5955	1024
9380	1024
4025	1024
8298	1024
7814	1024
4785	1024
3902	1024
5790	1024
3112	1024
297	1024
3878	1024
5819	1024
4977	1024
1982	1024
8043	1024
6517	1024
5324	1024
5490	1024
7239	1024
7626	1024
1878	1024
4189	1024
282	1024
8690	1024
8814	1024
8904	1024
7742	1024
3989	1024
7876	1024
9240	1024
6762	1024
3830	1024
4972	1024
786	1024
8479	1024
2785	1024
1923	1024
8732	1024
8574	1024
1386	1024
9028	1024
8804	1024
7205	1024
4004	1024
785	1024
1599	1024
6873	1024
2460	1024
7088	1024
463	1024
86	1024
8966	1024
4651	1024
6719	1024
4007	1024
9817	1024
5622	1024
8100	1024
157	1024
3497	1024
7340	1024
6919	1024
3678	1024
2311	1024
4056	1024
8508	1024
1447	1024
2330	1024
7239	1024
6373	1024
3716	1024
6267	1024
5176	1024
7272	1024
6622	1024
2312	1024
8870	1024
9846	1024
4771	1024
5958	1024
309	1024
1208	1024
1275	1024
1311	1024
7926	1024
5281	1024
1127	1024
9900	1024
9732	1024
1284	1024
9748	1024
7071	1024
4554	1024
3426	1024
5733	1024
8609	1024
1933	1024
7180	1024
939	1024
9172	1024
3552	1024
4654	1024
1790	1024
5079	1024
1925	1024
4763	1024
7390	1024
794	1024
4609	1024
8512	1024
3103	1024
1269	1024
9720	1024
4377	1024
2579	1024
3997	1024
6009	1024
58	1024
3896	1024
5741	1024
7693	1024
3644	1024
9163	1024
2246	1024
3421	1024
1248	1024
7206	1024
5353	1024
4779	1024
8144	1024
876	1024
4682	1024
9149	1024
9017	1024
9760	1024
7425	1024
3780	1024
3501	1024
4571	1024
4740	1024
8364	1024
7673	1024
6008	1024
8083	1024
8402	1024
4938	1024
2080	1024
762	1024
1347	1024
2327	1024
6502	1024
9039	1024
5970	1024
2017	1024
7636	1024
9390	1024
3264	1024
1194	1024
1095	1024
4394	1024
9337	1024
1970	1024
9075	1024
4838	1024
987	1024
5186	1024
2262	1024
1118	1024
8686	1024
3184	1024
5857	1024
7049	1024
7209	1024
1864	1024
1484	1024
5610	1024
3153	1024
9915	1024
6371	1024
4500	1024
2241	1024
9225	1024
9890	1024
4563	1024
1241	1024
3878	1024
304	1024
856	1024
5071	1024
7750	1024
5249	1024
4407	1024
6072	1024
675	1024
5596	1024
3410	1024
5860	1024
4210	1024
4527	1024
897	1024
7393	1024
383	1024
4297	1024
4601	1024
8598	1024
5780	1024
6562	1024
1750	1024
2046	1024
2933	1024
2601	1024
639	1024
8509	1024
2491	1024
1553	1024
9749	1024
6368	1024
8208	1024
6956	1024
7790	1024
5958	1024
8556	1024
8548	1024
8381	1024
9230	1024
4144	1024
1790	1024
1441	1024
8353	1024
6316	1024
2337	1024
2097	1024
3050	1024
2985	1024
6698	1024
7999	1024
5117	1024
3259	1024
6100	1024
7162	1024
2543	1024
8701	1024
4152	1024
1051	1024
7543	1024
5704	1024
7151	1024
262	1024
264	1024
458	1024
8051	1024
6221	1024
9013	1024
6598	1024
4601	1024
4594	1024
7093	1024
2742	1024
2386	1024
5445	1024
9057	1024
1074	1024
3894	1024
8458	1024
4059	1024
591	1024
6456	1024
9175	1024
201	1024
2555	1024
2688	1024
9096	1024
7607	1024
6840	1024
6498	1024
1501	1024
8895	1024
3649	1024
1762	1024
9158	1024
4106	1024
6164	1024
1730	1024
9471	1024
2762	1024
2682	1024
4064	1024
9854	1024
5423	1024
2802	1024
1651	1024
831	1024
3875	1024
5544	1024
9288	1024
7933	1024
2486	1024
2095	1024
3459	1024
9038	1024
1002	1024
6147	1024
4485	1024
8608	1024
9338	1024
983	1024
6461	1024
4584	1024
4631	1024
8222	1024
94	1024
5088	1024
738	1024
1823	1024
4558	1024
3499	1024
857	1024
4974	1024
9704	1024
6279	1024
7775	1024
7706	1024
3462	1024
1649	1024
9601	1024
9101	1024
5934	1024
8438	1024
1196	1024
9392	1024
3828	1024
8549	1024
1890	1024
8312	1024
7156	1024
7579	1024
9294	1024
9968	1024
2163	1024
3924	1024
8190	1024
2256	1024
5364	1024
8927	1024
430	1024
9921	1024
8777	1024
1286	1024
4894	1024
4832	1024
3917	1024
2668	1024
8890	1024
7378	1024
669	1024
4842	1024
6478	1024
6602	1024
3280	1024
4025	1024
2345	1024
7107	1024
2573	1024
4235	1024
5418	1024
6081	1024
1813	1024
1064	1024
6048	1024
327	1024
1339	1024
589	1024
2582	1024
6702	1024
5867	1024
9364	1024
6623	1024
995	1024
649	1024
7868	1024
2179	1024
917	1024
536	1024
1068	1024
8294	1024
7556	1024
5909	1024
1124	1024
4157	1024
5540	1024
5148	1024
6501	1024
2646	1024
4073	1024
7087	1024
4416	1024
153	1024
5252	1024
1831	1024
6200	1024
5578	1024
3169	1024
6789	1024
4512	1024
9871	1024
9007	1024
3875	1024
2845	1024
2	1024
875	1024
712	1024
2180	1024
1792	1024
7599	1024
3247	1024
6437	1024
5154	1024
5507	1024
7560	1024
5662	1024
1047	1024
9060	1024
2163	1024
44	1024
3132	1024
5601	1024
811	1024
3284	1024
852	1024
2641	1024
5835	1024
6430	1024
2162	1024
8975	1024
7293	1024
2032	1024
7982	1024
1167	1024
1228	1024
7983	1024
8393	1024
1939	1024
6514	1024
184	1024
9538	1024
6112	1024
2973	1024
1043	1024
1618	1024
532	1024
6705	1024
9016	1024
5943	1024
5219	1024
5412	1024
9074	1024
819	1024
2574	1024
8709	1024
8023	1024
1567	1024
896	1024
804	1024
3728	1024
9870	1024
8096	1024
2111	1024
4203	1024
5614	1024
3338	1024
8537	1024
4006	1024
1628	1024
5050	1024
542	1024
7517	1024
1161	1024
3514	1024
4912	1024
9131	1024
397	1024
1616	1024
4498	1024
6340	1024
3186	1024
6261	1024
1765	1024
356	1024
5187	1024
474	1024
8378	1024
6753	1024
1369	1024
5533	1024
6832	1024
7590	1024
3628	1024
5294	1024
1793	1024
9241	1024
4983	1024
329	1024
9599	1024
6610	1024
1731	1024
140	1024
479	1024
9243	1024
5	1024
5390	1024
8373	1024
401	1024
3357	1024
9223	1024
3092	1024
6542	1024
1835	1024
4857	1024
3249	1024
7021	1024
1682	1024
7979	1024
125	1024
9402	1024
3511	1024
6956	1024
6991	1024
7139	1024
8601	1024
5135	1024
2731	1024
3583	1024
1816	1024
2329	1024
6545	1024
3546	1024
8820	1024
3375	1024
9140	1024
8824	1024
8764	1024
3865	1024
5577	1024
8472	1024
3087	1024
5020	1024
1365	1024
4921	1024
9876	1024
4613	1024
8294	1024
7909	1024
8943	1024
8418	1024
3662	1024
2454	1024
1726	1024
7005	1024
5944	1024
326	1024
2139	1024
8674	1024
261	1024
306	1024
1003	1024
6805	1024
3851	1024
6174	1024
6531	1024
9343	1024
4998	1024
5294	1024
3207	1024
6926	1024
117	1024
6293	1024
1945	1024
1481	1024
7565	1024
1821	1024
2445	1024
2210	1024
6081	1024
1388	1024
628	1024
9743	1024
3841	1024
8705	1024
6747	1024
9784	1024
9030	1024
5237	1024
4809	1024
5642	1024
5543	1024
2163	1024
8798	1024
5745	1024
8337	1024
5328	1024
5087	1024
3334	1024
6973	1024
8293	1024
6611	1024
7089	1024
937	1024
8555	1024
8569	1024
4854	1024
6727	1024
1014	1024
7063	1024
2808	1024
2401	1024
4042	1024
8902	1024
2593	1024
2746	1024
2000	1024
8728	1024
8128	1024
7236	1024
3536	1024
3769	1024
9130	1024
5699	1024
2567	1024
4875	1024
387	1024
7894	1024
9961	1024
3720	1024
4867	1024
4606	1024
6682	1024
1955	1024
5542	1024
5236	1024
6876	1024
395	1024
1963	1024
4241	1024
3810	1024
4770	1024
2993	1024
7851	1024
23	1024
5585	1024
597	1024
2022	1024
664	1024
8724	1024
5609	1024
4199	1024
2492	1024
4739	1024
6249	1024
1410	1024
9613	1024
6635	1024
9304	1024
5925	1024
6706	1024
522	1024
530	1024
3387	1024
8828	1024
2424	1024
8623	1024
5703	1024
9170	1024
585	1024
6295	1024
2979	1024
1706	1024
9287	1024
830	1024
1728	1024
1223	1024
7778	1024
101	1024
1886	1024
2853	1024
5709	1024
2437	1024
1696	1024
447	1024
8685	1024
3106	1024
6411	1024
5320	1024
8761	1024
2336	1024
2025	1024
9282	1024
9217	1024
1764	1024
8109	1024
1640	1024
386	1024
164	1024
810	1024
7322	1024
6458	1024
140	1024
9027	1024
2097	1024
969	1024
7106	1024
3319	1024
5098	1024
3558	1024
1557	1024
7950	1024
9266	1024
3993	1024
9646	1024
6065	1024
2677	1024
2751	1024
2475	1024
4348	1024
1511	1024
1162	1024
2725	1024
7144	1024
6731	1024
4488	1024
5252	1024
4722	1024
1225	1024
5415	1024
5531	1024
8546	1024
8225	1024
2023	1024
3924	1024
321	1024
2991	1024
1029	1024
9991	1024
4441	1024
4586	1024
1547	1024
2390	1024
203	1024
1891	1024
8387	1024
2619	1024
920	1024
1137	1024
1446	1024
5267	1024
8999	1024
2607	1024
7991	1024
6142	1024
5689	1024
8830	1024
7746	1024
411	1024
54	1024
9512	1024
2293	1024
8599	1024
4088	1024
4315	1024
2522	1024
760	1024
3658	1024
9902	1024
751	1024
8098	1024
839	1024
8649	1024
6839	1024
7394	1024
540	1024
5226	1024
12	1024
1459	1024
2714	1024
1457	1024
3077	1024
8065	1024
416	1024
1068	1024
558	1024
6104	1024
6249	1024
8303	1024
6514	1024
6303	1024
4167	1024
8807	1024
1253	1024
8254	1024
9473	1024
3775	1024
9014	1024
3130	1024
28	1024
6116	1024
7579	1024
7219	1024
4764	1024
4418	1024
4612	1024
1655	1024
9643	1024
975	1024
9465	1024
2356	1024
2432	1024
2542	1024
420	1024
2847	1024
9961	1024
978	1024
8950	1024
6209	1024
5632	1024
1816	1024
2511	1024
9798	1024
6974	1024
3764	1024
4404	1024
6446	1024
3890	1024
9769	1024
5928	1024
269	1024
5884	1024
3506	1024
3839	1024
6999	1024
7923	1024
8450	1024
8654	1024
3917	1024
9425	1024
8118	1024
2625	1024
8208	1024
7011	1024
9396	1024
1054	1024
6971	1024
6725	1024
6355	1024
3180	1024
2357	1024
4522	1024
2042	1024
8506	1024
1495	1024
2157	1024
9261	1024
4293	1024
2398	1024
9029	1024
6572	1024
9019	1024
4912	1024
77	1024
2857	1024
8263	1024
4352	1024
1307	1024
6916	1024
8268	1024
7083	1024
1385	1024
7244	1024
5290	1024
8396	1024
6640	1024
2695	1024
5366	1024
3364	1024
5401	1024
4897	1024
2072	1024
6275	1024
3291	1024
6930	1024
7769	1024
5447	1024
6190	1024
8413	1024
4197	1024
5219	1024
4984	1024
3215	1024
6482	1024
1413	1024
6071	1024
4744	1024
5764	1024
3729	1024
8011	1024
383	1024
7163	1024
5748	1024
7627	1024
8804	1024
4143	1024
618	1024
1498	1024
5860	1024
3981	1024
3251	1024
7109	1024
2405	1024
9525	1024
399	1024
9334	1024
3645	1024
2197	1024
5523	1024
8410	1024
6393	1024
7093	1024
3393	1024
9607	1024
9927	1024
1157	1024
2030	1024
1022	1024
6920	1024
5758	1024
9033	1024
3655	1024
9273	1024
4780	1024
1281	1024
8076	1024
5274	1024
8250	1024
5926	1024
1133	1024
8582	1024
9176	1024
4593	1024
986	1024
5052	1024
4991	1024
319	1024
5048	1024
3540	1024
2194	1024
3457	1024
9932	1024
5638	1024
3202	1024
5891	1024
5564	1024
4358	1024
4272	1024
2938	1024
1278	1024
6381	1024
1970	1024
4932	1024
5653	1024
3101	1024
2564	1024
3729	1024
8374	1024
7165	1024
9654	1024
5858	1024
5746	1024
5181	1024
451	1024
6732	1024
232	1024
1793	1024
3402	1024
5279	1024
5332	1024
1947	1024
8736	1024
1616	1024
7585	1024
1937	1024
3858	1024
9500	1024
2646	1024
8129	1024
2437	1024
3923	1024
4509	1024
758	1024
5206	1024
162	1024
3858	1024
4121	1024
242	1024
8583	1024
1285	1024
9895	1024
793	1024
7031	1024
5075	1024
7595	1024
114	1024
1658	1024
5739	1024
9867	1024
6936	1024
7423	1024
1814	1024
2023	1024
9038	1024
5750	1024
311	1024
9247	1024
5249	1024
2957	1024
3727	1024
4038	1024
3231	1024
8235	1024
1147	1024
4789	1024
4748	1024
5005	1024
8909	1024
4989	1024
9939	1024
6546	1024
1235	1024
731	1024
9928	1024
6309	1024
4677	1024
41	1024
7966	1024
416	1024
9907	1024
1254	1024
7838	1024
8072	1024
3276	1024
3227	1024
3821	1024
9939	1024
2473	1024
5422	1024
2895	1024
6199	1024
9459	1024
6125	1024
785	1024
6957	1024
913	1024
1885	1024
1961	1024
6174	1024
6873	1024
8252	1024
2719	1024
8108	1024
5334	1024
8998	1024
768	1024
11	1024
5390	1024
5086	1024
6778	1024
1648	1024
6339	1024
4615	1024
9720	1024
5966	1024
4193	1024
3540	1024
5904	1024
3017	1024
5313	1024
8798	1024
5567	1024
1123	1024
1275	1024
6351	1024
8080	1024
8539	1024
4587	1024
6392	1024
4712	1024
1460	1024
4643	1024
3782	1024
5919	1024
6329	1024
2779	1024
3038	1024
2691	1024
8168	1024
8123	1024
9468	1024
9816	1024
813	1024
434	1024
5887	1024
6779	1024
4626	1024
5778	1024
9034	1024
7642	1024
1091	1024
4184	1024
3208	1024
2213	1024
5458	1024
5910	1024
6644	1024
3996	1024
497	1024
3036	1024
5060	1024
8308	1024
4030	1024
8841	1024
578	1024
358	1024
1620	1024
3615	1024
3048	1024
6139	1024
1738	1024
2515	1024
2306	1024
8902	1024
2948	1024
8192	1024
2032	1024
3925	1024
3970	1024
1066	1024
1566	1024
1412	1024
5249	1024
1125	1024
9976	1024
706	1024
7035	1024
6620	1024
1053	1024
3883	1024
6007	1024
6112	1024
2190	1024
36	1024
1305	1024
2767	1024
6746	1024
2924	1024
2733	1024
9793	1024
5414	1024
822	1024
8660	1024
7720	1024
9724	1024
7959	1024
2263	1024
1755	1024
1884	1024
6232	1024
2820	1024
9801	1024
7643	1024
4420	1024
926	1024
3971	1024
5125	1024
4312	1024
590	1024
2530	1024
4546	1024
6596	1024
4993	1024
6735	1024
6631	1024
6297	1024
5853	1024
9728	1024
5572	1024
8585	1024
9521	1024
986	1024
9407	1024
4532	1024
5057	1024
5482	1024
8842	1024
7319	1024
7236	1024
7077	1024
9903	1024
6408	1024
6878	1024
3897	1024
827	1024
4155	1024
7867	1024
2304	1024
4818	1024
8456	1024
1185	1024
9363	1024
1403	1024
6177	1024
2449	1024
4386	1024
2474	1024
8301	1024
4113	1024
8045	1024
3237	1024
9985	1024
5382	1024
8995	1024
4516	1024
438	1024
4476	1024
3358	1024
4109	1024
8064	1024
6786	1024
4011	1024
823	1024
15	1024
7907	1024
1649	1024
4169	1024
5774	1024
304	1024
5338	1024
581	1024
1488	1024
1052	1024
1984	1024
4017	1024
3500	1024
6369	1024
2842	1024
8152	1024
481	1024
7238	1024
7741	1024
466	1024
2620	1024
6735	1024
1333	1024
9409	1024
7563	1024
1042	1024
9869	1024
1978	1024
7828	1024
3879	1024
2800	1024
7842	1024
8138	1024
800	1024
8363	1024
263	1024
7456	1024
52	1024
843	1024
8943	1024
1104	1024
9178	1024
9311	1024
4603	1024
5546	1024
2152	1024
9107	1024
2379	1024
9390	1024
6847	1024
9196	1024
2009	1024
9933	1024
528	1024
7769	1024
7495	1024
7922	1024
7638	1024
5824	1024
5749	1024
7868	1024
8623	1024
9942	1024
6005	1024
5775	1024
8304	1024
6267	1024
3230	1024
8356	1024
3462	1024
8524	1024
5811	1024
2639	1024
7835	1024
413	1024
4537	1024
6338	1024
5871	1024
6915	1024
5727	1024
2717	1024
2462	1024
4087	1024
2650	1024
2989	1024
1856	1024
6496	1024
7262	1024
5845	1024
2320	1024
3010	1024
3712	1024
7294	1024
9304	1024
6069	1024
3068	1024
3959	1024
2335	1024
2649	1024
8666	1024
2148	1024
7525	1024
4476	1024
4787	1024
5359	1024
1241	1024
9323	1024
1696	1024
7111	1024
2589	1024
3775	1024
9828	1024
5050	1024
7861	1024
8829	1024
4390	1024
6068	1024
1676	1024
1652	1024
1912	1024
347	1024
1013	1024
5624	1024
7641	1024
316	1024
1692	1024
7060	1024
4275	1024
378	1024
6061	1024
2940	1024
8878	1024
3585	1024
7416	1024
3664	1024
5295	1024
8656	1024
9338	1024
3342	1024
2118	1024
1926	1024
7116	1024
8297	1024
3327	1024
4977	1024
7125	1024
7716	1024
1044	1024
5153	1024
9367	1024
9308	1024
5499	1024
380	1024
1283	1024
9491	1024
7047	1024
9326	1024
6551	1024
7673	1024
9703	1024
8963	1024
613	1024
8580	1024
2547	1024
4380	1024
8595	1024
7841	1024
9387	1024
7932	1024
7534	1024
1504	1024
6209	1024
4650	1024
9801	1024
9535	1024
5978	1024
3277	1024
3603	1024
3373	1024
8429	1024
2969	1024
9032	1024
3928	1024
9700	1024
314	1024
3418	1024
3099	1024
9639	1024
6320	1024
771	1024
9342	1024
5282	1024
1383	1024
4273	1024
4180	1024
2114	1024
9220	1024
8372	1024
1500	1024
3503	1024
5906	1024
9356	1024
9712	1024
6907	1024
9156	1024
5598	1024
9236	1024
2432	1024
9200	1024
2608	1024
7213	1024
8521	1024
1640	1024
1140	1024
4572	1024
8305	1024
909	1024
7670	1024
7944	1024
3581	1024
4793	1024
3637	1024
8862	1024
2527	1024
7909	1024
3042	1024
4641	1024
3480	1024
7765	1024
2492	1024
6983	1024
3670	1024
1847	1024
3046	1024
6928	1024
1002	1024
8643	1024
6163	1024
9786	1024
4195	1024
5123	1024
6998	1024
2715	1024
3114	1024
4489	1024
3638	1024
1418	1024
1749	1024
1308	1024
9361	1024
5329	1024
6100	1024
2997	1024
4191	1024
4978	1024
7258	1024
3584	1024
9618	1024
737	1024
7700	1024
2110	1024
4071	1024
1370	1024
3956	1024
7116	1024
8297	1024
1310	1024
5759	1024
812	1024
7447	1024
9953	1024
5934	1024
796	1024
9019	1024
9047	1024
5284	1024
2656	1024
6816	1024
3384	1024
315	1024
6177	1024
8713	1024
2766	1024
5525	1024
9255	1024
7744	1024
2782	1024
9190	1024
3713	1024
9871	1024
6889	1024
5822	1024
3941	1024
4610	1024
6130	1024
1057	1024
9259	1024
3791	1024
3167	1024
70	1024
7589	1024
9471	1024
6003	1024
8384	1024
8489	1024
1401	1024
19	1024
7496	1024
8216	1024
3402	1024
4163	1024
744	1024
2114	1024
3280	1024
6269	1024
7720	1024
1023	1024
5402	1024
6909	1024
1088	1024
5272	1024
3798	1024
6909	1024
9213	1024
4759	1024
9390	1024
6621	1024
4017	1024
9532	1024
9787	1024
4086	1024
7120	1024
5609	1024
6440	1024
1855	1024
449	1024
4192	1024
1873	1024
7944	1024
8760	1024
1627	1024
8458	1024
9503	1024
92	1024
1738	1024
2123	1024
7812	1024
9112	1024
7525	1024
4720	1024
199	1024
9148	1024
4869	1024
3460	1024
8360	1024
9628	1024
2849	1024
1332	1024
9996	1024
8733	1024
7470	1024
4082	1024
5852	1024
3078	1024
6873	1024
4059	1024
3526	1024
7417	1024
5931	1024
7822	1024
6176	1024
7557	1024
6279	1024
2030	1024
7649	1024
8016	1024
4153	1024
1812	1024
3480	1024
8029	1024
6531	1024
3678	1024
7176	1024
7752	1024
7137	1024
1888	1024
3731	1024
6338	1024
3219	1024
3726	1024
1422	1024
689	1024
4159	1024
3625	1024
118	1024
1032	1024
7683	1024
3644	1024
8448	1024
3614	1024
1465	1024
975	1024
7522	1024
4095	1024
3004	1024
1522	1024
2111	1024
7156	1024
3333	1024
1942	1024
1536	1024
6216	1024
5619	1024
8712	1024
319	1024
9108	1024
599	1024
4049	1024
1797	1024
3817	1024
4126	1024
3218	1024
857	1024
8285	1024
6842	1024
975	1024
5668	1024
877	1024
4618	1024
467	1024
842	1024
2434	1024
1441	1024
8363	1024
6528	1024
796	1024
6237	1024
4990	1024
4304	1024
5921	1024
6931	1024
5839	1024
8488	1024
8902	1024
4550	1024
5158	1024
4361	1024
5148	1024
5558	1024
6157	1024
5317	1024
9684	1024
5726	1024
6173	1024
4320	1024
8919	1024
7147	1024
9987	1024
6147	1024
8116	1024
6805	1024
6988	1024
549	1024
4597	1024
1703	1024
7077	1024
5392	1024
7939	1024
8418	1024
6047	1024
211	1024
5349	1024
1886	1024
5051	1024
602	1024
6435	1024
208	1024
4962	1024
7935	1024
5766	1024
7470	1024
3251	1024
5449	1024
9547	1024
9423	1024
6120	1024
4817	1024
6570	1024
2458	1024
964	1024
1037	1024
9262	1024
7951	1024
1586	1024
210	1024
9653	1024
5014	1024
1953	1024
3943	1024
3431	1024
8000	1024
4154	1024
5131	1024
9885	1024
9204	1024
5732	1024
2671	1024
5763	1024
693	1024
605	1024
1528	1024
4514	1024
3855	1024
3328	1024
4060	1024
9630	1024
9447	1024
8877	1024
2551	1024
1904	1024
9840	1024
3587	1024
7517	1024
7790	1024
1524	1024
7726	1024
3795	1024
6537	1024
9679	1024
7737	1024
9968	1024
7678	1024
1890	1024
1450	1024
3914	1024
7445	1024
7182	1024
6584	1024
3208	1024
4226	1024
3541	1024
1087	1024
8740	1024
3747	1024
4415	1024
2799	1024
3376	1024
213	1024
8027	1024
5926	1024
2117	1024
7866	1024
5865	1024
5985	1024
2008	1024
7388	1024
3711	1024
5802	1024
3925	1024
9741	1024
3538	1024
244	1024
3770	1024
1780	1024
1693	1024
7683	1024
5576	1024
8874	1024
618	1024
5135	1024
9452	1024
4158	1024
6222	1024
8191	1024
7905	1024
6988	1024
7341	1024
7632	1024
7200	1024
5368	1024
3558	1024
5668	1024
3233	1024
5774	1024
1653	1024
1592	1024
3161	1024
1715	1024
7393	1024
7085	1024
1455	1024
7283	1024
3680	1024
1576	1024
5414	1024
5373	1024
9258	1024
7341	1024
598	1024
6227	1024
2476	1024
49	1024
6737	1024
5049	1024
4591	1024
993	1024
8388	1024
1932	1024
8624	1024
5587	1024
7299	1024
8533	1024
7607	1024
6883	1024
4306	1024
5611	1024
8475	1024
7467	1024
7325	1024
2219	1024
903	1024
5131	1024
9501	1024
4583	1024
6706	1024
1266	1024
6307	1024
2315	1024
8607	1024
3256	1024
8541	1024
7434	1024
9657	1024
1629	1024
8834	1024
4247	1024
2621	1024
3573	1024
2530	1024
7597	1024
5511	1024
9828	1024
6129	1024
3117	1024
3063	1024
6787	1024
8727	1024
1537	1024
4253	1024
6051	1024
3755	1024
1507	1024
7533	1024
9608	1024
2441	1024
4238	1024
873	1024
8747	1024
6552	1024
5831	1024
8355	1024
1445	1024
9616	1024
4363	1024
3073	1024
4801	1024
4961	1024
2046	1024
8373	1024
7491	1024
9642	1024
3884	1024
3670	1024
5770	1024
7000	1024
6732	1024
2556	1024
2079	1024
8268	1024
3160	1024
4481	1024
8375	1024
4667	1024
2014	1024
7982	1024
3459	1024
6251	1024
5206	1024
8558	1024
9155	1024
7389	1024
6912	1024
6951	1024
3356	1024
1274	1024
23	1024
8157	1024
6234	1024
8420	1024
2881	1024
76	1024
8061	1024
6764	1024
3746	1024
183	1024
116	1024
477	1024
9090	1024
8546	1024
5097	1024
8602	1024
3026	1024
3471	1024
9620	1024
5039	1024
7804	1024
3078	1024
7642	1024
9361	1024
1635	1024
6796	1024
3101	1024
8546	1024
3746	1024
2809	1024
6171	1024
120	1024
7317	1024
2405	1024
4892	1024
197	1024
2480	1024
2952	1024
3313	1024
2577	1024
9486	1024
9780	1024
3054	1024
8576	1024
8325	1024
4502	1024
3529	1024
1350	1024
4324	1024
3148	1024
2741	1024
8479	1024
6225	1024
382	1024
4191	1024
7860	1024
7177	1024
7292	1024
2757	1024
7274	1024
100	1024
8928	1024
3745	1024
7416	1024
7684	1024
8636	1024
3964	1024
6515	1024
7940	1024
7276	1024
9092	1024
7425	1024
7055	1024
8497	1024
2352	1024
1731	1024
9350	1024
5880	1024
3081	1024
3673	1024
9027	1024
2173	1024
2151	1024
1604	1024
2554	1024
2693	1024
9463	1024
6082	1024
9984	1024
2219	1024
9707	1024
6435	1024
7498	1024
3451	1024
202	1024
5181	1024
8439	1024
4166	1024
8048	1024
6378	1024
7793	1024
7139	1024
154	1024
1200	1024
1987	1024
2506	1024
2930	1024
1336	1024
4737	1024
2362	1024
1360	1024
116	1024
4534	1024
9862	1024
1719	1024
3439	1024
2554	1024
7533	1024
9520	1024
8890	1024
9751	1024
5578	1024
5324	1024
3601	1024
9029	1024
1878	1024
5133	1024
7467	1024
2395	1024
3180	1024
196	1024
187	1024
6670	1024
349	1024
7738	1024
8656	1024
9206	1024
668	1024
9991	1024
295	1024
9381	1024
7702	1024
410	1024
267	1024
7563	1024
8480	1024
3705	1024
117	1024
6012	1024
9577	1024
9006	1024
2114	1024
5154	1024
681	1024
5714	1024
534	1024
2558	1024
847	1024
4352	1024
4952	1024
4026	1024
4547	1024
1491	1024
696	1024
4896	1024
9228	1024
5703	1024
453	1024
6247	1024
2046	1024
747	1024
1980	1024
9747	1024
7508	1024
2246	1024
7310	1024
5987	1024
2302	1024
3778	1024
1998	1024
1878	1024
2783	1024
4112	1024
3384	1024
9815	1024
6177	1024
3917	1024
8725	1024
7023	1024
8269	1024
3676	1024
7401	1024
9167	1024
1518	1024
4448	1024
414	1024
746	1024
150	1024
867	1024
3344	1024
2195	1024
1613	1024
5323	1024
1942	1024
9121	1024
7568	1024
5603	1024
1459	1024
6222	1024
9380	1024
3457	1024
4451	1024
8514	1024
3920	1024
7834	1024
8328	1024
96	1024
8103	1024
7052	1024
7119	1024
2723	1024
7080	1024
4519	1024
1889	1024
4949	1024
8966	1024
2303	1024
2046	1024
5467	1024
3169	1024
5390	1024
7662	1024
1133	1024
712	1024
5955	1024
6605	1024
4632	1024
1557	1024
8064	1024
853	1024
936	1024
7872	1024
5303	1024
9449	1024
1791	1024
9489	1024
4128	1024
1886	1024
7591	1024
7532	1024
5356	1024
6665	1024
963	1024
6226	1024
8553	1024
5911	1024
1543	1024
7207	1024
7957	1024
7010	1024
6727	1024
9698	1024
1023	1024
4212	1024
6761	1024
6977	1024
816	1024
1392	1024
8533	1024
5231	1024
8596	1024
5820	1024
9454	1024
251	1024
5268	1024
7596	1024
6091	1024
5747	1024
9482	1024
33	1024
3278	1024
1189	1024
6697	1024
592	1024
7415	1024
1601	1024
6503	1024
8957	1024
8808	1024
811	1024
2318	1024
5534	1024
508	1024
3340	1024
9745	1024
7268	1024
316	1024
6913	1024
5012	1024
5200	1024
8495	1024
9959	1024
1019	1024
7949	1024
6561	1024
2638	1024
5544	1024
2651	1024
8385	1024
1377	1024
2683	1024
8014	1024
2566	1024
9379	1024
8606	1024
6332	1024
7332	1024
1460	1024
1640	1024
6139	1024
8622	1024
3958	1024
1672	1024
5481	1024
3649	1024
7769	1024
9100	1024
3965	1024
1033	1024
463	1024
9164	1024
9527	1024
422	1024
6535	1024
3827	1024
6982	1024
9172	1024
5723	1024
5985	1024
7556	1024
7099	1024
8667	1024
1922	1024
6016	1024
4398	1024
6879	1024
8699	1024
1729	1024
8338	1024
339	1024
7867	1024
3311	1024
648	1024
5890	1024
8791	1024
4296	1024
10	1024
7890	1024
4612	1024
1042	1024
8353	1024
128	1024
569	1024
5126	1024
6662	1024
747	1024
2107	1024
5833	1024
6469	1024
4443	1024
3389	1024
9920	1024
3110	1024
1662	1024
2287	1024
3859	1024
8540	1024
986	1024
5587	1024
3229	1024
7676	1024
9805	1024
6539	1024
8323	1024
2046	1024
1681	1024
2618	1024
2056	1024
9570	1024
7230	1024
3097	1024
4274	1024
7357	1024
17	1024
9399	1024
4018	1024
7116	1024
7858	1024
6202	1024
9936	1024
2300	1024
5942	1024
9855	1024
1761	1024
7603	1024
8494	1024
5619	1024
6142	1024
5831	1024
7557	1024
9370	1024
3506	1024
7361	1024
2260	1024
1828	1024
9407	1024
3940	1024
797	1024
7814	1024
9862	1024
8026	1024
7262	1024
4135	1024
1734	1024
3631	1024
9886	1024
2103	1024
746	1024
4095	1024
8305	1024
681	1024
2746	1024
4246	1024
6888	1024
4507	1024
1849	1024
5381	1024
6477	1024
4342	1024
7563	1024
4034	1024
64	1024
1068	1024
1394	1024
2323	1024
9247	1024
7152	1024
2615	1024
43	1024
4965	1024
2476	1024
4421	1024
2227	1024
2962	1024
6154	1024
5857	1024
9199	1024
8257	1024
2954	1024
3293	1024
2913	1024
3634	1024
6039	1024
7158	1024
6873	1024
6897	1024
5358	1024
8605	1024
3373	1024
9700	1024
6167	1024
7406	1024
6115	1024
7234	1024
8800	1024
8437	1024
2832	1024
2303	1024
7403	1024
2875	1024
7268	1024
6230	1024
7295	1024
5846	1024
9192	1024
9800	1024
8054	1024
8390	1024
4408	1024
1007	1024
8035	1024
7320	1024
992	1024
4073	1024
830	1024
7865	1024
969	1024
6187	1024
6469	1024
693	1024
2238	1024
2636	1024
8099	1024
8352	1024
6221	1024
3250	1024
3141	1024
9053	1024
5552	1024
543	1024
8279	1024
9171	1024
6773	1024
5573	1024
5016	1024
2316	1024
1724	1024
9421	1024
705	1024
6132	1024
427	1024
5091	1024
3451	1024
1419	1024
5515	1024
632	1024
9283	1024
2835	1024
6819	1024
2103	1024
3528	1024
9056	1024
4738	1024
1626	1024
7408	1024
7311	1024
4875	1024
548	1024
6363	1024
6778	1024
7442	1024
993	1024
5949	1024
4214	1024
2917	1024
7316	1024
6529	1024
4640	1024
3089	1024
3586	1024
771	1024
3515	1024
5028	1024
574	1024
1285	1024
543	1024
1205	1024
6919	1024
3377	1024
4375	1024
9022	1024
6904	1024
3431	1024
3759	1024
8529	1024
7190	1024
7421	1024
9755	1024
4089	1024
3783	1024
2885	1024
1530	1024
1127	1024
5185	1024
2096	1024
4043	1024
2500	1024
4976	1024
8683	1024
1940	1024
4913	1024
5805	1024
5455	1024
9941	1024
2730	1024
3091	1024
483	1024
287	1024
10	1024
211	1024
4661	1024
9031	1024
7115	1024
4443	1024
9141	1024
1995	1024
1632	1024
6562	1024
8102	1024
2072	1024
6696	1024
986	1024
3602	1024
7823	1024
6170	1024
2049	1024
1865	1024
5021	1024
7024	1024
6899	1024
6961	1024
1937	1024
9056	1024
8767	1024
8229	1024
1785	1024
1857	1024
5063	1024
2071	1024
1866	1024
5273	1024
3084	1024
7248	1024
2387	1024
7526	1024
6389	1024
734	1024
5510	1024
9302	1024
8835	1024
7581	1024
2349	1024
6172	1024
7534	1024
171	1024
2341	1024
9582	1024
8388	1024
3713	1024
2958	1024
1638	1024
7025	1024
1246	1024
693	1024
5791	1024
9474	1024
2478	1024
4000	1024
4536	1024
900	1024
5865	1024
6160	1024
335	1024
9465	1024
4899	1024
7861	1024
2205	1024
5632	1024
9722	1024
1506	1024
818	1024
3654	1024
3854	1024
6989	1024
7540	1024
377	1024
5681	1024
3473	1024
5116	1024
9393	1024
6430	1024
3105	1024
6418	1024
7675	1024
3798	1024
8560	1024
3500	1024
2627	1024
2559	1024
4387	1024
9878	1024
4776	1024
547	1024
213	1024
4240	1024
5445	1024
4425	1024
6444	1024
7428	1024
4146	1024
4301	1024
8245	1024
7799	1024
4506	1024
5233	1024
5338	1024
1234	1024
913	1024
8811	1024
2701	1024
305	1024
1592	1024
5806	1024
3074	1024
5619	1024
9603	1024
1634	1024
9118	1024
8581	1024
4192	1024
9857	1024
8458	1024
8967	1024
403	1024
8670	1024
9558	1024
2199	1024
3094	1024
6001	1024
9626	1024
3591	1024
6653	1024
7870	1024
7742	1024
7511	1024
9454	1024
9431	1024
8744	1024
366	1024
8241	1024
1445	1024
7022	1024
6185	1024
7250	1024
6448	1024
1803	1024
3204	1024
8081	1024
7272	1024
1784	1024
8624	1024
7128	1024
6593	1024
7591	1024
3882	1024
1615	1024
7148	1024
2432	1024
1060	1024
9501	1024
8409	1024
4651	1024
2505	1024
6278	1024
2392	1024
15	1024
2083	1024
1822	1024
8759	1024
8800	1024
6415	1024
6555	1024
5822	1024
8951	1024
156	1024
8621	1024
753	1024
9711	1024
6701	1024
4376	1024
1494	1024
5324	1024
7856	1024
4438	1024
9266	1024
8089	1024
6052	1024
2766	1024
521	1024
7112	1024
8618	1024
8929	1024
8114	1024
1122	1024
1559	1024
505	1024
1137	1024
9993	1024
8678	1024
6247	1024
8793	1024
5092	1024
2801	1024
966	1024
4042	1024
9308	1024
9586	1024
1146	1024
9018	1024
2638	1024
1874	1024
6863	1024
4313	1024
6081	1024
1300	1024
3579	1024
4169	1024
3704	1024
2696	1024
1041	1024
7167	1024
1313	1024
6322	1024
5280	1024
2434	1024
4232	1024
2136	1024
3570	1024
4224	1024
813	1024
9816	1024
3016	1024
2257	1024
8968	1024
3981	1024
2650	1024
8275	1024
9918	1024
148	1024
7292	1024
2555	1024
2021	1024
4154	1024
6868	1024
8101	1024
1806	1024
6798	1024
8621	1024
5509	1024
5845	1024
9662	1024
2675	1024
7157	1024
5983	1024
4306	1024
9590	1024
214	1024
6441	1024
9512	1024
789	1024
3605	1024
5679	1024
3805	1024
5861	1024
4647	1024
4137	1024
4863	1024
9273	1024
4055	1024
5010	1024
6565	1024
6609	1024
3382	1024
7070	1024
9828	1024
7834	1024
8875	1024
2977	1024
6454	1024
735	1024
8821	1024
2467	1024
3409	1024
5977	1024
4801	1024
7714	1024
1919	1024
1366	1024
506	1024
7782	1024
2155	1024
4111	1024
3460	1024
5959	1024
6323	1024
4458	1024
95	1024
1185	1024
3731	1024
501	1024
6194	1024
6647	1024
3462	1024
5927	1024
3716	1024
3289	1024
3760	1024
8943	1024
6266	1024
214	1024
9677	1024
5086	1024
9032	1024
9438	1024
7415	1024
3833	1024
3503	1024
5685	1024
5198	1024
4009	1024
3466	1024
3704	1024
4471	1024
3277	1024
9662	1024
793	1024
4087	1024
6109	1024
8330	1024
7817	1024
2961	1024
875	1024
815	1024
6422	1024
6802	1024
882	1024
9711	1024
561	1024
9824	1024
2328	1024
7126	1024
5853	1024
3765	1024
6158	1024
5290	1024
1179	1024
6342	1024
5144	1024
3215	1024
7891	1024
5504	1024
6680	1024
1595	1024
9974	1024
6309	1024
7608	1024
7119	1024
395	1024
68	1024
5448	1024
8211	1024
3029	1024
6322	1024
5377	1024
5802	1024
3123	1024
6258	1024
5512	1024
36	1024
2434	1024
4191	1024
3513	1024
4638	1024
7956	1024
6022	1024
6279	1024
5486	1024
2363	1024
1422	1024
8701	1024
6606	1024
6926	1024
1732	1024
8200	1024
3251	1024
8040	1024
2159	1024
369	1024
8434	1024
2227	1024
2168	1024
2996	1024
1607	1024
8490	1024
8372	1024
7408	1024
7964	1024
982	1024
9272	1024
4351	1024
9767	1024
3462	1024
7864	1024
4404	1024
7769	1024
237	1024
682	1024
9607	1024
8952	1024
2103	1024
8307	1024
5557	1024
5380	1024
6390	1024
108	1024
8631	1024
782	1024
2266	1024
5351	1024
9215	1024
844	1024
7519	1024
8563	1024
8802	1024
2360	1024
3286	1024
6210	1024
323	1024
4267	1024
1833	1024
1026	1024
385	1024
5294	1024
5241	1024
4788	1024
9415	1024
5477	1024
1821	1024
9021	1024
4428	1024
276	1024
3679	1024
6336	1024
5655	1024
6420	1024
6443	1024
637	1024
7201	1024
5061	1024
2340	1024
6416	1024
2256	1024
9858	1024
1330	1024
1058	1024
2217	1024
4615	1024
7267	1024
8891	1024
5234	1024
9099	1024
9916	1024
5618	1024
744	1024
5156	1024
6758	1024
6510	1024
6985	1024
8578	1024
5530	1024
1412	1024
8853	1024
5560	1024
4100	1024
860	1024
1980	1024
542	1024
7848	1024
9180	1024
1954	1024
187	1024
1947	1024
4210	1024
44	1024
3276	1024
5267	1024
8612	1024
4243	1024
2533	1024
3855	1024
9476	1024
7983	1024
122	1024
1445	1024
5078	1024
1630	1024
4554	1024
7940	1024
8614	1024
3132	1024
3469	1024
6377	1024
8336	1024
5381	1024
476	1024
5547	1024
3712	1024
7370	1024
3395	1024
9243	1024
9323	1024
3581	1024
1190	1024
3532	1024
9977	1024
817	1024
8798	1024
4940	1024
1411	1024
7682	1024
5146	1024
7238	1024
2016	1024
5268	1024
8683	1024
7094	1024
6897	1024
9588	1024
1385	1024
1862	1024
2719	1024
1205	1024
4590	1024
7407	1024
6585	1024
5066	1024
9305	1024
296	1024
2435	1024
2699	1024
9539	1024
1757	1024
2632	1024
7080	1024
1641	1024
8960	1024
4248	1024
438	1024
251	1024
5659	1024
8120	1024
5397	1024
2896	1024
6487	1024
7016	1024
7930	1024
9932	1024
264	1024
7518	1024
1316	1024
2125	1024
6588	1024
2521	1024
6714	1024
346	1024
9105	1024
8131	1024
9651	1024
5753	1024
6917	1024
2349	1024
1643	1024
5026	1024
1332	1024
8722	1024
6666	1024
6643	1024
9321	1024
7103	1024
6894	1024
4979	1024
